video_record_time,test_point_code,x,y
2024-02-25 00:00:07.171700,hn_03-09,1033.0,1726.0
2024-02-25 00:00:14.728728,hn_03-09,1030.0,1723.0
2024-02-25 00:00:22.226226,hn_03-09,1030.0,1723.0
2024-02-25 00:00:29.748748,hn_03-09,1030.0,1723.0
2024-02-25 00:00:37.131300,hn_03-09,1030.0,1723.0
2024-02-25 00:00:44.756756,hn_03-09,1030.0,1723.0
2024-02-25 00:00:52.352352,hn_03-09,1030.0,1723.0
2024-02-25 00:00:59.791791,hn_03-09,1030.0,1723.0
2024-02-25 00:01:07.377377,hn_03-09,1030.0,1723.0
2024-02-25 00:01:14.914914,hn_03-09,1030.0,1723.0
2024-02-25 00:01:22.414100,hn_03-09,1030.0,1723.0
2024-02-25 00:01:29.924924,hn_03-09,1030.0,1723.0
2024-02-25 00:01:37.582582,hn_03-09,1030.0,1723.0
2024-02-25 00:01:45.065065,hn_03-09,1030.0,1723.0
2024-02-25 00:01:52.527527,hn_03-09,1030.0,1723.0
2024-02-25 00:02:00.046046,hn_03-09,1030.0,1723.0
2024-02-25 00:02:07.358358,hn_03-09,1030.0,1723.0
2024-02-25 00:02:14.825825,hn_03-09,1030.0,1723.0
2024-02-25 00:02:22.442442,hn_03-09,1030.0,1723.0
2024-02-25 00:02:29.894894,hn_03-09,1030.0,1723.0
2024-02-25 00:02:37.313313,hn_03-09,1030.0,1723.0
2024-02-25 00:02:44.822822,hn_03-09,1030.0,1723.0
2024-02-25 00:02:52.339339,hn_03-09,1030.0,1723.0
2024-02-25 00:02:59.791791,hn_03-09,1030.0,1723.0
2024-02-25 00:03:07.278278,hn_03-09,1030.0,1723.0
2024-02-25 00:03:14.788788,hn_03-09,1030.0,1723.0
2024-02-25 00:03:22.316316,hn_03-09,1030.0,1723.0
2024-02-25 00:03:29.779779,hn_03-09,1030.0,1723.0
2024-02-25 00:03:37.301301,hn_03-09,1030.0,1723.0
2024-02-25 00:03:44.939300,hn_03-09,1030.0,1723.0
2024-02-25 00:03:52.413413,hn_03-09,1030.0,1723.0
2024-02-25 00:04:00.046046,hn_03-09,1030.0,1723.0
2024-02-25 00:04:07.441441,hn_03-09,1030.0,1723.0
2024-02-25 00:04:14.992992,hn_03-09,1030.0,1723.0
2024-02-25 00:04:22.567567,hn_03-09,1030.0,1723.0
2024-02-25 00:04:29.902902,hn_03-09,1030.0,1723.0
2024-02-25 00:04:37.286286,hn_03-09,1030.0,1723.0
2024-02-25 00:04:44.855855,hn_03-09,1030.0,1723.0
2024-02-25 00:04:52.445445,hn_03-09,1030.0,1723.0
2024-02-25 00:05:00.068068,hn_03-09,1030.0,1723.0
2024-02-25 00:05:07.373373,hn_03-09,1030.0,1723.0
2024-02-25 00:05:14.908908,hn_03-09,1030.0,1723.0
2024-02-25 00:05:22.454500,hn_03-09,1030.0,1723.0
2024-02-25 00:05:29.964964,hn_03-09,1030.0,1723.0
2024-02-25 00:05:37.579579,hn_03-09,1030.0,1723.0
2024-02-25 00:05:45.146146,hn_03-09,1030.0,1723.0
2024-02-25 00:05:52.686686,hn_03-09,1030.0,1723.0
2024-02-25 00:06:00.227227,hn_03-09,1030.0,1723.0
2024-02-25 00:06:07.766766,hn_03-09,1030.0,1723.0
2024-02-25 00:06:15.417417,hn_03-09,1030.0,1723.0
2024-02-25 00:06:23.020200,hn_03-09,1030.0,1723.0
2024-02-25 00:06:30.552552,hn_03-09,1030.0,1723.0
2024-02-25 00:06:38.193193,hn_03-09,1030.0,1723.0
2024-02-25 00:06:46.063063,hn_03-09,1030.0,1723.0
2024-02-25 00:06:53.823823,hn_03-09,1030.0,1723.0
2024-02-25 00:07:01.359359,hn_03-09,1030.0,1723.0
2024-02-25 00:07:08.999999,hn_03-09,1030.0,1723.0
2024-02-25 00:07:16.525200,hn_03-09,1030.0,1723.0
2024-02-25 00:07:24.198198,hn_03-09,1030.0,1723.0
2024-02-25 00:07:31.612612,hn_03-09,1030.0,1723.0
2024-02-25 00:07:39.102102,hn_03-09,1030.0,1723.0
2024-02-25 00:07:46.659659,hn_03-09,1030.0,1723.0
2024-02-25 00:07:54.178178,hn_03-09,1030.0,1723.0
2024-02-25 00:08:01.567567,hn_03-09,1030.0,1723.0
2024-02-25 00:08:08.938938,hn_03-09,1030.0,1723.0
2024-02-25 00:08:16.453453,hn_03-09,1030.0,1723.0
2024-02-25 00:08:23.989989,hn_03-09,1030.0,1723.0
2024-02-25 00:08:31.645645,hn_03-09,1030.0,1723.0
2024-02-25 00:08:39.221221,hn_03-09,1030.0,1723.0
2024-02-25 00:08:46.803803,hn_03-09,1030.0,1723.0
2024-02-25 00:08:54.281281,hn_03-09,1030.0,1723.0
2024-02-25 00:09:01.977977,hn_03-09,1030.0,1723.0
2024-02-25 00:09:09.516516,hn_03-09,1030.0,1723.0
2024-02-25 00:09:16.902902,hn_03-09,1030.0,1723.0
2024-02-25 00:09:24.565565,hn_03-09,1030.0,1723.0
2024-02-25 00:09:32.111111,hn_03-09,1030.0,1723.0
2024-02-25 00:09:39.576576,hn_03-09,1030.0,1723.0
2024-02-25 00:09:47.188188,hn_03-09,1030.0,1723.0
2024-02-25 00:09:54.871871,hn_03-09,1030.0,1723.0
2024-02-25 00:10:02.369369,hn_03-09,1030.0,1723.0
2024-02-25 00:10:09.995995,hn_03-09,1030.0,1723.0
2024-02-25 00:10:17.383800,hn_03-09,1030.0,1723.0
2024-02-25 00:10:25.121200,hn_03-09,1030.0,1723.0
2024-02-25 00:10:32.758758,hn_03-09,1030.0,1723.0
2024-02-25 00:10:40.185185,hn_03-09,1030.0,1723.0
2024-02-25 00:10:47.745745,hn_03-09,1030.0,1723.0
2024-02-25 00:10:55.319319,hn_03-09,1030.0,1723.0
2024-02-25 00:11:02.868600,hn_03-09,1030.0,1723.0
2024-02-25 00:11:10.469469,hn_03-09,1030.0,1723.0
2024-02-25 00:11:18.111100,hn_03-09,1030.0,1723.0
2024-02-25 00:11:25.754754,hn_03-09,1030.0,1723.0
2024-02-25 00:11:33.299299,hn_03-09,1030.0,1723.0
2024-02-25 00:11:40.880000,hn_03-09,1030.0,1723.0
2024-02-25 00:11:48.268268,hn_03-09,1030.0,1723.0
2024-02-25 00:11:55.866866,hn_03-09,1030.0,1723.0
2024-02-25 00:12:03.489489,hn_03-09,1030.0,1723.0
2024-02-25 00:12:11.121200,hn_03-09,1030.0,1723.0
2024-02-25 00:12:18.905905,hn_03-09,1030.0,1723.0
2024-02-25 00:12:26.472472,hn_03-09,1030.0,1723.0
2024-02-25 00:12:34.019019,hn_03-09,1030.0,1723.0
2024-02-25 00:12:41.612612,hn_03-09,1030.0,1723.0
2024-02-25 00:12:49.181800,hn_03-09,1030.0,1723.0
2024-02-25 00:12:56.937937,hn_03-09,1030.0,1723.0
2024-02-25 00:13:04.613613,hn_03-09,1030.0,1723.0
2024-02-25 00:13:12.282282,hn_03-09,1030.0,1723.0
2024-02-25 00:13:19.955955,hn_03-09,1030.0,1723.0
2024-02-25 00:13:27.335335,hn_03-09,1030.0,1723.0
2024-02-25 00:13:34.921921,hn_03-09,1030.0,1723.0
2024-02-25 00:13:42.383383,hn_03-09,1030.0,1723.0
2024-02-25 00:13:49.954954,hn_03-09,1030.0,1723.0
2024-02-25 00:13:57.505505,hn_03-09,1030.0,1723.0
2024-02-25 00:14:04.935935,hn_03-09,1030.0,1723.0
2024-02-25 00:14:12.572572,hn_03-09,1030.0,1723.0
2024-02-25 00:14:20.187187,hn_03-09,1030.0,1723.0
2024-02-25 00:14:27.801801,hn_03-09,1030.0,1723.0
2024-02-25 00:14:35.396396,hn_03-09,1030.0,1723.0
2024-02-25 00:14:42.931931,hn_03-09,1030.0,1723.0
2024-02-25 00:14:50.333333,hn_03-09,1030.0,1723.0
2024-02-25 00:14:57.898898,hn_03-09,1030.0,1723.0
2024-02-25 00:15:05.544544,hn_03-09,1030.0,1723.0
2024-02-25 00:15:13.069069,hn_03-09,1030.0,1723.0
2024-02-25 00:15:20.728728,hn_03-09,1030.0,1723.0
2024-02-25 00:15:28.216216,hn_03-09,1030.0,1723.0
2024-02-25 00:15:35.737737,hn_03-09,1030.0,1723.0
2024-02-25 00:15:43.323323,hn_03-09,1030.0,1723.0
2024-02-25 00:15:50.933933,hn_03-09,1030.0,1723.0
2024-02-25 00:15:58.409409,hn_03-09,1030.0,1723.0
2024-02-25 00:16:05.782782,hn_03-09,1030.0,1723.0
2024-02-25 00:16:13.242242,hn_03-09,1030.0,1723.0
2024-02-25 00:16:20.965965,hn_03-09,1030.0,1723.0
2024-02-25 00:16:28.509509,hn_03-09,1030.0,1723.0
2024-02-25 00:16:36.072072,hn_03-09,1030.0,1723.0
2024-02-25 00:16:43.666600,hn_03-09,1030.0,1723.0
2024-02-25 00:16:51.263263,hn_03-09,1030.0,1723.0
2024-02-25 00:16:58.811811,hn_03-09,1030.0,1723.0
2024-02-25 00:17:06.256256,hn_03-09,1030.0,1723.0
2024-02-25 00:17:13.574574,hn_03-09,1030.0,1723.0
2024-02-25 00:17:21.085085,hn_03-09,1030.0,1723.0
2024-02-25 00:17:28.532532,hn_03-09,1030.0,1723.0
2024-02-25 00:17:35.999999,hn_03-09,1030.0,1723.0
2024-02-25 00:17:43.614614,hn_03-09,1030.0,1723.0
2024-02-25 00:17:51.331331,hn_03-09,1030.0,1723.0
2024-02-25 00:17:58.785785,hn_03-09,1030.0,1723.0
2024-02-25 00:18:06.301301,hn_03-09,1030.0,1723.0
2024-02-25 00:18:14.048048,hn_03-09,1030.0,1723.0
2024-02-25 00:18:21.721721,hn_03-09,1030.0,1723.0
2024-02-25 00:18:29.308308,hn_03-09,1030.0,1723.0
2024-02-25 00:18:36.945945,hn_03-09,1030.0,1723.0
2024-02-25 00:18:44.522522,hn_03-09,1030.0,1723.0
2024-02-25 00:18:51.823823,hn_03-09,1030.0,1723.0
2024-02-25 00:18:59.338338,hn_03-09,1030.0,1723.0
2024-02-25 00:19:06.906906,hn_03-09,1030.0,1723.0
2024-02-25 00:19:14.485485,hn_03-09,1030.0,1723.0
2024-02-25 00:19:22.106106,hn_03-09,1030.0,1723.0
2024-02-25 00:19:29.572572,hn_03-09,1030.0,1723.0
2024-02-25 00:19:36.915915,hn_03-09,1030.0,1723.0
2024-02-25 00:19:44.329329,hn_03-09,1030.0,1723.0
2024-02-25 00:19:51.936936,hn_03-09,1030.0,1723.0
2024-02-25 00:19:59.405405,hn_03-09,1030.0,1723.0
2024-02-25 00:20:07.063063,hn_03-09,1030.0,1723.0
2024-02-25 00:20:14.672672,hn_03-09,1030.0,1723.0
2024-02-25 00:20:22.267267,hn_03-09,1030.0,1723.0
2024-02-25 00:20:29.726726,hn_03-09,1030.0,1723.0
2024-02-25 00:20:37.171171,hn_03-09,1030.0,1723.0
2024-02-25 00:20:44.697697,hn_03-09,1030.0,1723.0
2024-02-25 00:20:52.217217,hn_03-09,1030.0,1723.0
2024-02-25 00:20:59.488488,hn_03-09,1030.0,1723.0
2024-02-25 00:21:07.097097,hn_03-09,1030.0,1723.0
2024-02-25 00:21:14.636300,hn_03-09,1030.0,1723.0
2024-02-25 00:21:22.132132,hn_03-09,1030.0,1723.0
2024-02-25 00:21:29.552552,hn_03-09,1030.0,1723.0
2024-02-25 00:21:37.023023,hn_03-09,1030.0,1723.0
2024-02-25 00:21:44.358358,hn_03-09,1030.0,1723.0
2024-02-25 00:21:51.647647,hn_03-09,1030.0,1723.0
2024-02-25 00:21:59.269269,hn_03-09,1030.0,1723.0
2024-02-25 00:22:06.823823,hn_03-09,1030.0,1723.0
2024-02-25 00:22:14.185185,hn_03-09,1030.0,1723.0
2024-02-25 00:22:21.639639,hn_03-09,1030.0,1723.0
2024-02-25 00:22:29.269269,hn_03-09,1030.0,1723.0
2024-02-25 00:22:36.983983,hn_03-09,1030.0,1723.0
2024-02-25 00:22:44.434434,hn_03-09,1030.0,1723.0
2024-02-25 00:22:52.054054,hn_03-09,1030.0,1723.0
2024-02-25 00:22:59.714714,hn_03-09,1030.0,1723.0
2024-02-25 00:23:07.161161,hn_03-09,1030.0,1723.0
2024-02-25 00:23:14.684684,hn_03-09,1030.0,1723.0
2024-02-25 00:23:22.255255,hn_03-09,1030.0,1723.0
2024-02-25 00:23:29.722722,hn_03-09,1030.0,1723.0
2024-02-25 00:23:37.372372,hn_03-09,1030.0,1723.0
2024-02-25 00:23:44.932932,hn_03-09,1030.0,1723.0
2024-02-25 00:23:52.561561,hn_03-09,1030.0,1723.0
2024-02-25 00:23:59.981981,hn_03-09,1030.0,1723.0
2024-02-25 00:24:07.221221,hn_03-09,1030.0,1723.0
2024-02-25 00:24:14.796796,hn_03-09,1030.0,1723.0
2024-02-25 00:24:22.344344,hn_03-09,1030.0,1723.0
2024-02-25 00:24:29.764764,hn_03-09,1030.0,1723.0
2024-02-25 00:24:37.353500,hn_03-09,1030.0,1723.0
2024-02-25 00:24:44.969969,hn_03-09,1030.0,1723.0
2024-02-25 00:24:52.488488,hn_03-09,1030.0,1723.0
2024-02-25 00:24:59.992992,hn_03-09,1030.0,1723.0
2024-02-25 00:25:07.501501,hn_03-09,1030.0,1723.0
2024-02-25 00:25:14.995995,hn_03-09,1030.0,1723.0
2024-02-25 00:25:22.405405,hn_03-09,1030.0,1723.0
2024-02-25 00:25:29.946946,hn_03-09,1030.0,1723.0
2024-02-25 00:25:37.372372,hn_03-09,1030.0,1723.0
2024-02-25 00:25:44.943943,hn_03-09,1030.0,1723.0
2024-02-25 00:25:52.435435,hn_03-09,1030.0,1723.0
2024-02-25 00:25:59.974974,hn_03-09,1030.0,1723.0
2024-02-25 00:26:07.296296,hn_03-09,1030.0,1723.0
2024-02-25 00:26:14.863863,hn_03-09,1030.0,1723.0
2024-02-25 00:26:22.414100,hn_03-09,1030.0,1723.0
2024-02-25 00:26:29.895895,hn_03-09,1030.0,1723.0
2024-02-25 00:26:37.456456,hn_03-09,1030.0,1723.0
2024-02-25 00:26:44.972972,hn_03-09,1030.0,1723.0
2024-02-25 00:26:52.545545,hn_03-09,1030.0,1723.0
2024-02-25 00:26:59.969600,hn_03-09,1030.0,1723.0
2024-02-25 00:27:07.545400,hn_03-09,1030.0,1723.0
2024-02-25 00:27:15.078078,hn_03-09,1030.0,1723.0
2024-02-25 00:27:22.549549,hn_03-09,1030.0,1723.0
2024-02-25 00:27:30.083083,hn_03-09,1030.0,1723.0
2024-02-25 00:27:37.681681,hn_03-09,1030.0,1723.0
2024-02-25 00:27:45.358358,hn_03-09,1030.0,1723.0
2024-02-25 00:27:52.778778,hn_03-09,1030.0,1723.0
2024-02-25 00:27:59.993993,hn_03-09,1030.0,1723.0
2024-02-25 00:28:07.368368,hn_03-09,1030.0,1723.0
2024-02-25 00:28:14.749749,hn_03-09,1030.0,1723.0
2024-02-25 00:28:22.191900,hn_03-09,1030.0,1723.0
2024-02-25 00:28:29.778778,hn_03-09,1030.0,1723.0
2024-02-25 00:28:37.279279,hn_03-09,1030.0,1723.0
2024-02-25 00:28:44.802802,hn_03-09,1030.0,1723.0
2024-02-25 00:28:52.355355,hn_03-09,1030.0,1723.0
2024-02-25 00:28:59.866866,hn_03-09,1030.0,1723.0
2024-02-25 00:29:07.389389,hn_03-09,1030.0,1723.0
2024-02-25 00:29:14.879879,hn_03-09,1030.0,1723.0
2024-02-25 00:29:22.535535,hn_03-09,1030.0,1723.0
2024-02-25 00:29:30.186186,hn_03-09,1030.0,1723.0
2024-02-25 00:29:37.712712,hn_03-09,1030.0,1723.0
2024-02-25 00:29:45.388388,hn_03-09,1030.0,1723.0
2024-02-25 00:29:53.199199,hn_03-09,1030.0,1723.0
2024-02-25 00:30:00.838838,hn_03-09,1030.0,1723.0
2024-02-25 00:30:08.269269,hn_03-09,1030.0,1723.0
2024-02-25 00:30:15.841841,hn_03-09,1030.0,1723.0
2024-02-25 00:30:23.338338,hn_03-09,1030.0,1723.0
2024-02-25 00:30:30.975975,hn_03-09,1030.0,1723.0
2024-02-25 00:30:38.536536,hn_03-09,1030.0,1723.0
2024-02-25 00:30:45.756756,hn_03-09,1030.0,1723.0
2024-02-25 00:30:53.026026,hn_03-09,1030.0,1723.0
2024-02-25 00:31:00.329329,hn_03-09,1030.0,1723.0
2024-02-25 00:31:07.588588,hn_03-09,1030.0,1723.0
2024-02-25 00:31:14.933933,hn_03-09,1030.0,1723.0
2024-02-25 00:31:22.322322,hn_03-09,1030.0,1723.0
2024-02-25 00:31:29.615615,hn_03-09,1030.0,1723.0
2024-02-25 00:31:36.901901,hn_03-09,1030.0,1723.0
2024-02-25 00:31:44.193193,hn_03-09,1030.0,1723.0
2024-02-25 00:31:51.468468,hn_03-09,1030.0,1723.0
2024-02-25 00:31:58.693693,hn_03-09,1030.0,1723.0
2024-02-25 00:32:05.997997,hn_03-09,1030.0,1723.0
2024-02-25 00:32:13.333300,hn_03-09,1030.0,1723.0
2024-02-25 00:32:20.586586,hn_03-09,1030.0,1723.0
2024-02-25 00:32:27.947947,hn_03-09,1033.0,1768.0
2024-02-25 00:32:35.318318,hn_03-09,1030.0,1723.0
2024-02-25 00:32:42.994994,hn_03-09,1030.0,1723.0
2024-02-25 00:32:50.515515,hn_03-09,1030.0,1723.0
2024-02-25 00:32:58.045045,hn_03-09,1030.0,1723.0
2024-02-25 00:33:05.735735,hn_03-09,1030.0,1723.0
2024-02-25 00:33:13.197197,hn_03-09,1030.0,1723.0
2024-02-25 00:33:20.763763,hn_03-09,1030.0,1723.0
2024-02-25 00:33:28.261261,hn_03-09,1030.0,1723.0
2024-02-25 00:33:35.678678,hn_03-09,1030.0,1723.0
2024-02-25 00:33:43.132132,hn_03-09,1030.0,1723.0
2024-02-25 00:33:50.578578,hn_03-09,1030.0,1723.0
2024-02-25 00:33:57.896896,hn_03-09,1030.0,1723.0
2024-02-25 00:34:05.579579,hn_03-09,1030.0,1723.0
2024-02-25 00:34:13.202202,hn_03-09,1030.0,1723.0
2024-02-25 00:34:20.761761,hn_03-09,1030.0,1723.0
2024-02-25 00:34:28.373373,hn_03-09,1030.0,1723.0
2024-02-25 00:34:35.737300,hn_03-09,1030.0,1723.0
2024-02-25 00:34:43.259259,hn_03-09,1030.0,1723.0
2024-02-25 00:34:50.897897,hn_03-09,1030.0,1723.0
2024-02-25 00:34:58.397397,hn_03-09,1030.0,1723.0
2024-02-25 00:35:05.878878,hn_03-09,1030.0,1723.0
2024-02-25 00:35:13.334334,hn_03-09,1030.0,1723.0
2024-02-25 00:35:20.944944,hn_03-09,1030.0,1723.0
2024-02-25 00:35:28.547547,hn_03-09,1030.0,1723.0
2024-02-25 00:35:36.143143,hn_03-09,1030.0,1723.0
2024-02-25 00:35:43.723723,hn_03-09,1030.0,1723.0
2024-02-25 00:35:51.309309,hn_03-09,1030.0,1723.0
2024-02-25 00:35:58.698698,hn_03-09,1030.0,1723.0
2024-02-25 00:36:06.349349,hn_03-09,1030.0,1723.0
2024-02-25 00:36:13.841841,hn_03-09,1030.0,1723.0
2024-02-25 00:36:21.267267,hn_03-09,1030.0,1723.0
2024-02-25 00:36:28.795795,hn_03-09,1030.0,1723.0
2024-02-25 00:36:36.307307,hn_03-09,1030.0,1723.0
2024-02-25 00:36:43.666600,hn_03-09,1030.0,1723.0
2024-02-25 00:36:51.304304,hn_03-09,1030.0,1723.0
2024-02-25 00:36:58.858500,hn_03-09,1030.0,1723.0
2024-02-25 00:37:06.479479,hn_03-09,1030.0,1723.0
2024-02-25 00:37:14.096096,hn_03-09,1030.0,1723.0
2024-02-25 00:37:21.758758,hn_03-09,1030.0,1723.0
2024-02-25 00:37:29.362362,hn_03-09,1030.0,1723.0
2024-02-25 00:37:36.934934,hn_03-09,1030.0,1723.0
2024-02-25 00:37:44.561561,hn_03-09,1030.0,1723.0
2024-02-25 00:37:52.119119,hn_03-09,1030.0,1723.0
2024-02-25 00:37:59.549549,hn_03-09,1030.0,1723.0
2024-02-25 00:38:07.090900,hn_03-09,1030.0,1723.0
2024-02-25 00:38:14.702702,hn_03-09,1030.0,1723.0
2024-02-25 00:38:22.101101,hn_03-09,1030.0,1723.0
2024-02-25 00:38:29.757500,hn_03-09,1030.0,1723.0
2024-02-25 00:38:37.220000,hn_03-09,1030.0,1723.0
2024-02-25 00:38:44.767600,hn_03-09,1030.0,1723.0
2024-02-25 00:38:52.294294,hn_03-09,1030.0,1723.0
2024-02-25 00:38:59.757757,hn_03-09,1030.0,1723.0
2024-02-25 00:39:07.414100,hn_03-09,1030.0,1723.0
2024-02-25 00:39:14.815815,hn_03-09,1030.0,1723.0
2024-02-25 00:39:22.262600,hn_03-09,1033.0,1776.5
2024-02-25 00:39:29.861861,hn_03-09,1030.0,1723.0
2024-02-25 00:39:37.568568,hn_03-09,1030.0,1723.0
2024-02-25 00:39:45.202202,hn_03-09,1030.0,1723.0
2024-02-25 00:39:52.709709,hn_03-09,1030.0,1723.0
2024-02-25 00:40:00.138138,hn_03-09,1030.0,1723.0
2024-02-25 00:40:07.625625,hn_03-09,1030.0,1723.0
2024-02-25 00:40:15.137137,hn_03-09,1030.0,1723.0
2024-02-25 00:40:22.565600,hn_03-09,1030.0,1723.0
2024-02-25 00:40:30.182182,hn_03-09,1030.0,1723.0
2024-02-25 00:40:37.785785,hn_03-09,1030.0,1723.0
2024-02-25 00:40:45.432432,hn_03-09,1030.0,1723.0
2024-02-25 00:40:52.985985,hn_03-09,1030.0,1723.0
2024-02-25 00:41:00.595595,hn_03-09,1030.0,1723.0
2024-02-25 00:41:07.986986,hn_03-09,1030.0,1723.0
2024-02-25 00:41:15.611611,hn_03-09,1030.0,1723.0
2024-02-25 00:41:23.072072,hn_03-09,1030.0,1723.0
2024-02-25 00:41:30.595595,hn_03-09,1030.0,1723.0
2024-02-25 00:41:38.091091,hn_03-09,1030.0,1723.0
2024-02-25 00:41:45.577577,hn_03-09,1030.0,1723.0
2024-02-25 00:41:53.061061,hn_03-09,1030.0,1723.0
2024-02-25 00:42:00.733733,hn_03-09,1030.0,1723.0
2024-02-25 00:42:08.221221,hn_03-09,1030.0,1723.0
2024-02-25 00:42:15.879879,hn_03-09,1030.0,1723.0
2024-02-25 00:42:23.386386,hn_03-09,1030.0,1723.0
2024-02-25 00:42:30.979979,hn_03-09,1030.0,1723.0
2024-02-25 00:42:38.558558,hn_03-09,1030.0,1723.0
2024-02-25 00:42:46.183183,hn_03-09,1030.0,1723.0
2024-02-25 00:42:53.832832,hn_03-09,1030.0,1723.0
2024-02-25 00:43:01.732732,hn_03-09,1030.0,1723.0
2024-02-25 00:43:09.379379,hn_03-09,1030.0,1723.0
2024-02-25 00:43:17.502502,hn_03-09,1030.0,1723.0
2024-02-25 00:43:26.394394,hn_03-09,1030.0,1723.0
2024-02-25 00:43:34.053053,hn_03-09,1030.0,1723.0
2024-02-25 00:43:42.762762,hn_03-09,1030.0,1723.0
2024-02-25 00:43:50.099099,hn_03-09,1030.0,1723.0
2024-02-25 00:43:57.696900,hn_03-09,1030.0,1723.0
2024-02-25 00:44:05.215215,hn_03-09,1030.0,1723.0
2024-02-25 00:44:12.834834,hn_03-09,1030.0,1723.0
2024-02-25 00:44:20.363600,hn_03-09,1030.0,1723.0
2024-02-25 00:44:27.735735,hn_03-09,1030.0,1723.0
2024-02-25 00:44:35.217217,hn_03-09,1030.0,1723.0
2024-02-25 00:44:42.892892,hn_03-09,1030.0,1723.0
2024-02-25 00:44:50.399399,hn_03-09,1030.0,1723.0
2024-02-25 00:44:57.968968,hn_03-09,1030.0,1723.0
2024-02-25 00:45:05.585800,hn_03-09,1030.0,1723.0
2024-02-25 00:45:13.185185,hn_03-09,1030.0,1723.0
2024-02-25 00:45:20.732732,hn_03-09,1030.0,1723.0
2024-02-25 00:45:28.206206,hn_03-09,1030.0,1723.0
2024-02-25 00:45:35.727727,hn_03-09,1030.0,1723.0
2024-02-25 00:45:43.142142,hn_03-09,1030.0,1723.0
2024-02-25 00:45:50.595595,hn_03-09,1030.0,1723.0
2024-02-25 00:45:58.194194,hn_03-09,1030.0,1723.0
2024-02-25 00:46:05.654654,hn_03-09,1030.0,1723.0
2024-02-25 00:46:13.368368,hn_03-09,1030.0,1723.0
2024-02-25 00:46:20.958958,hn_03-09,1030.0,1723.0
2024-02-25 00:46:28.368368,hn_03-09,1030.0,1723.0
2024-02-25 00:46:36.001001,hn_03-09,1030.0,1723.0
2024-02-25 00:46:43.308308,hn_03-09,1030.0,1723.0
2024-02-25 00:46:50.607607,hn_03-09,1030.0,1723.0
2024-02-25 00:46:58.265265,hn_03-09,1030.0,1723.0
2024-02-25 00:47:05.948948,hn_03-09,1030.0,1723.0
2024-02-25 00:47:13.483483,hn_03-09,1030.0,1723.0
2024-02-25 00:47:21.056056,hn_03-09,1030.0,1723.0
2024-02-25 00:47:28.718718,hn_03-09,1030.0,1723.0
2024-02-25 00:47:36.197197,hn_03-09,1030.0,1723.0
2024-02-25 00:47:43.757500,hn_03-09,1030.0,1723.0
2024-02-25 00:47:51.252252,hn_03-09,1030.0,1723.0
2024-02-25 00:47:58.898900,hn_03-09,1030.0,1723.0
2024-02-25 00:48:06.555500,hn_03-09,1030.0,1723.0
2024-02-25 00:48:14.105105,hn_03-09,1030.0,1723.0
2024-02-25 00:48:21.616100,hn_03-09,1030.0,1723.0
2024-02-25 00:48:29.292292,hn_03-09,1030.0,1723.0
2024-02-25 00:48:36.912912,hn_03-09,1030.0,1723.0
2024-02-25 00:48:44.451451,hn_03-09,1030.0,1723.0
2024-02-25 00:48:52.041041,hn_03-09,1030.0,1723.0
2024-02-25 00:48:59.703703,hn_03-09,1030.0,1723.0
2024-02-25 00:49:07.178178,hn_03-09,1030.0,1723.0
2024-02-25 00:49:14.784784,hn_03-09,1030.0,1723.0
2024-02-25 00:49:22.329329,hn_03-09,1030.0,1723.0
2024-02-25 00:49:29.802802,hn_03-09,1030.0,1723.0
2024-02-25 00:49:37.525200,hn_03-09,1030.0,1723.0
2024-02-25 00:49:45.215215,hn_03-09,1030.0,1723.0
2024-02-25 00:49:52.657657,hn_03-09,1030.0,1723.0
2024-02-25 00:50:00.307307,hn_03-09,1030.0,1723.0
2024-02-25 00:50:07.722722,hn_03-09,1030.0,1723.0
2024-02-25 00:50:15.222200,hn_03-09,1030.0,1723.0
2024-02-25 00:50:22.702702,hn_03-09,1030.0,1723.0
2024-02-25 00:50:30.139139,hn_03-09,1030.0,1723.0
2024-02-25 00:50:37.615615,hn_03-09,1030.0,1723.0
2024-02-25 00:50:45.174174,hn_03-09,1030.0,1723.0
2024-02-25 00:50:52.786786,hn_03-09,1030.0,1723.0
2024-02-25 00:51:00.418418,hn_03-09,1030.0,1723.0
2024-02-25 00:51:13.528528,hn_03-09,1030.0,1723.0
2024-02-25 00:51:21.171700,hn_03-09,1030.0,1723.0
2024-02-25 00:51:28.658658,hn_03-09,1030.0,1723.0
2024-02-25 00:51:36.257257,hn_03-09,1030.0,1723.0
2024-02-25 00:51:43.933933,hn_03-09,1030.0,1723.0
2024-02-25 00:51:51.481481,hn_03-09,1030.0,1723.0
2024-02-25 00:51:58.983983,hn_03-09,1030.0,1723.0
2024-02-25 00:52:06.473473,hn_03-09,1030.0,1723.0
2024-02-25 00:52:13.918918,hn_03-09,1030.0,1723.0
2024-02-25 00:52:21.342342,hn_03-09,1030.0,1723.0
2024-02-25 00:52:28.938938,hn_03-09,1030.0,1723.0
2024-02-25 00:52:36.481481,hn_03-09,1030.0,1723.0
2024-02-25 00:52:44.009009,hn_03-09,1030.0,1723.0
2024-02-25 00:52:51.626626,hn_03-09,1030.0,1723.0
2024-02-25 00:52:59.127127,hn_03-09,1030.0,1723.0
2024-02-25 00:53:06.765765,hn_03-09,1030.0,1723.0
2024-02-25 00:53:14.375375,hn_03-09,1030.0,1723.0
2024-02-25 00:53:22.067067,hn_03-09,1030.0,1723.0
2024-02-25 00:53:29.737300,hn_03-09,1030.0,1723.0
2024-02-25 00:53:37.186186,hn_03-09,1030.0,1723.0
2024-02-25 00:53:44.814814,hn_03-09,1030.0,1723.0
2024-02-25 00:53:52.343343,hn_03-09,1030.0,1723.0
2024-02-25 00:53:59.939939,hn_03-09,1030.0,1723.0
2024-02-25 00:54:07.358358,hn_03-09,1030.0,1723.0
2024-02-25 00:54:14.992992,hn_03-09,1030.0,1723.0
2024-02-25 00:54:22.557557,hn_03-09,1030.0,1723.0
2024-02-25 00:54:30.091091,hn_03-09,1030.0,1723.0
2024-02-25 00:54:37.798798,hn_03-09,1030.0,1723.0
2024-02-25 00:54:45.533533,hn_03-09,1030.0,1723.0
2024-02-25 00:54:53.154154,hn_03-09,1030.0,1723.0
2024-02-25 00:55:00.958958,hn_03-09,1030.0,1723.0
2024-02-25 00:55:08.524524,hn_03-09,1030.0,1723.0
2024-02-25 00:55:16.099099,hn_03-09,1030.0,1723.0
2024-02-25 00:55:23.625625,hn_03-09,1030.0,1723.0
2024-02-25 00:55:31.179179,hn_03-09,1030.0,1723.0
2024-02-25 00:55:38.625625,hn_03-09,1030.0,1723.0
2024-02-25 00:55:46.269269,hn_03-09,1030.0,1723.0
2024-02-25 00:55:53.895895,hn_03-09,1030.0,1723.0
2024-02-25 00:56:01.424200,hn_03-09,1030.0,1723.0
2024-02-25 00:56:08.982982,hn_03-09,1030.0,1723.0
2024-02-25 00:56:16.542542,hn_03-09,1030.0,1723.0
2024-02-25 00:56:24.105105,hn_03-09,1030.0,1723.0
2024-02-25 00:56:31.747400,hn_03-09,1030.0,1723.0
2024-02-25 00:56:39.341341,hn_03-09,1030.0,1723.0
2024-02-25 00:56:47.080800,hn_03-09,1030.0,1723.0
2024-02-25 00:56:54.589589,hn_03-09,1030.0,1723.0
2024-02-25 00:57:02.164164,hn_03-09,1030.0,1723.0
2024-02-25 00:57:09.766766,hn_03-09,1030.0,1723.0
2024-02-25 00:57:17.174174,hn_03-09,1030.0,1723.0
2024-02-25 00:57:24.752752,hn_03-09,1030.0,1723.0
2024-02-25 00:57:32.092092,hn_03-09,1030.0,1723.0
2024-02-25 00:57:39.660000,hn_03-09,1030.0,1723.0
2024-02-25 00:57:47.179179,hn_03-09,1030.0,1723.0
2024-02-25 00:57:54.628628,hn_03-09,1030.0,1723.0
2024-02-25 00:58:02.218218,hn_03-09,1030.0,1723.0
2024-02-25 00:58:09.864864,hn_03-09,1030.0,1723.0
2024-02-25 00:58:17.504504,hn_03-09,1030.0,1723.0
2024-02-25 00:58:24.895895,hn_03-09,1030.0,1723.0
2024-02-25 00:58:32.511511,hn_03-09,1030.0,1723.0
2024-02-25 00:58:40.133133,hn_03-09,1030.0,1723.0
2024-02-25 00:58:47.663663,hn_03-09,1030.0,1723.0
2024-02-25 00:58:55.197197,hn_03-09,1030.0,1723.0
2024-02-25 00:59:02.807807,hn_03-09,1030.0,1723.0
2024-02-25 00:59:10.209209,hn_03-09,1030.0,1723.0
2024-02-25 00:59:17.767600,hn_03-09,1030.0,1723.0
2024-02-25 00:59:25.309309,hn_03-09,1030.0,1723.0
2024-02-25 00:59:32.933933,hn_03-09,1030.0,1723.0
2024-02-25 00:59:40.222200,hn_03-09,1030.0,1723.0
2024-02-25 00:59:47.835835,hn_03-09,1030.0,1723.0
2024-02-25 00:59:55.412412,hn_03-09,1030.0,1723.0
2024-02-25 01:00:03.017017,hn_03-09,1030.0,1723.0
2024-02-25 01:00:10.745745,hn_03-09,1030.0,1723.0
2024-02-25 01:00:18.363363,hn_03-09,1030.0,1723.0
2024-02-25 01:00:25.841841,hn_03-09,1030.0,1723.0
2024-02-25 01:00:33.511511,hn_03-09,1030.0,1723.0
2024-02-25 01:00:41.111100,hn_03-09,1030.0,1723.0
2024-02-25 01:00:48.612612,hn_03-09,1030.0,1723.0
2024-02-25 01:00:56.186186,hn_03-09,1030.0,1723.0
2024-02-25 01:01:03.755755,hn_03-09,1030.0,1723.0
2024-02-25 01:01:11.299299,hn_03-09,1030.0,1723.0
2024-02-25 01:01:18.911911,hn_03-09,1030.0,1723.0
2024-02-25 01:01:26.618618,hn_03-09,1030.0,1723.0
2024-02-25 01:01:34.163163,hn_03-09,1030.0,1723.0
2024-02-25 01:01:41.777777,hn_03-09,1030.0,1723.0
2024-02-25 01:01:49.295295,hn_03-09,1030.0,1723.0
2024-02-25 01:01:56.929929,hn_03-09,1030.0,1723.0
2024-02-25 01:02:04.568568,hn_03-09,1030.0,1723.0
2024-02-25 01:02:12.093093,hn_03-09,1030.0,1723.0
2024-02-25 01:02:19.618618,hn_03-09,1030.0,1723.0
2024-02-25 01:02:27.159159,hn_03-09,1030.0,1723.0
2024-02-25 01:02:34.757757,hn_03-09,1030.0,1723.0
2024-02-25 01:02:42.184184,hn_03-09,1030.0,1723.0
2024-02-25 01:02:49.806806,hn_03-09,1030.0,1723.0
2024-02-25 01:02:57.348348,hn_03-09,1030.0,1723.0
2024-02-25 01:03:04.880000,hn_03-09,1030.0,1723.0
2024-02-25 01:03:12.392392,hn_03-09,1030.0,1723.0
2024-02-25 01:03:19.888800,hn_03-09,1030.0,1723.0
2024-02-25 01:03:27.541541,hn_03-09,1030.0,1723.0
2024-02-25 01:03:35.080800,hn_03-09,1030.0,1723.0
2024-02-25 01:03:42.659659,hn_03-09,1030.0,1723.0
2024-02-25 01:03:50.232300,hn_03-09,1030.0,1723.0
2024-02-25 01:03:57.787787,hn_03-09,1030.0,1723.0
2024-02-25 01:04:05.133133,hn_03-09,1030.0,1723.0
2024-02-25 01:04:12.588588,hn_03-09,1030.0,1723.0
2024-02-25 01:04:20.097097,hn_03-09,1030.0,1723.0
2024-02-25 01:04:27.692692,hn_03-09,1030.0,1723.0
2024-02-25 01:04:35.373373,hn_03-09,1030.0,1723.0
2024-02-25 01:04:42.734734,hn_03-09,1030.0,1723.0
2024-02-25 01:04:50.393393,hn_03-09,1030.0,1723.0
2024-02-25 01:04:57.905905,hn_03-09,1030.0,1723.0
2024-02-25 01:05:05.536536,hn_03-09,1030.0,1723.0
2024-02-25 01:05:13.152152,hn_03-09,1030.0,1723.0
2024-02-25 01:05:20.723723,hn_03-09,1030.0,1723.0
2024-02-25 01:05:28.163163,hn_03-09,1030.0,1723.0
2024-02-25 01:05:35.609609,hn_03-09,1030.0,1723.0
2024-02-25 01:05:43.164164,hn_03-09,1030.0,1723.0
2024-02-25 01:05:50.657657,hn_03-09,1030.0,1723.0
2024-02-25 01:05:58.131300,hn_03-09,1030.0,1723.0
2024-02-25 01:06:05.721721,hn_03-09,1030.0,1723.0
2024-02-25 01:06:13.349349,hn_03-09,1030.0,1723.0
2024-02-25 01:06:20.785785,hn_03-09,1030.0,1723.0
2024-02-25 01:06:28.376376,hn_03-09,1030.0,1723.0
2024-02-25 01:06:35.953953,hn_03-09,1030.0,1723.0
2024-02-25 01:06:43.466466,hn_03-09,1030.0,1723.0
2024-02-25 01:06:51.171700,hn_03-09,1030.0,1723.0
2024-02-25 01:06:58.815815,hn_03-09,1030.0,1723.0
2024-02-25 01:07:06.466466,hn_03-09,1030.0,1723.0
2024-02-25 01:07:14.121200,hn_03-09,1030.0,1723.0
2024-02-25 01:07:21.565565,hn_03-09,1030.0,1723.0
2024-02-25 01:07:29.161600,hn_03-09,1030.0,1723.0
2024-02-25 01:07:36.722722,hn_03-09,1030.0,1723.0
2024-02-25 01:07:44.326326,hn_03-09,1030.0,1723.0
2024-02-25 01:07:51.821821,hn_03-09,1030.0,1723.0
2024-02-25 01:07:59.358358,hn_03-09,1030.0,1723.0
2024-02-25 01:08:06.899899,hn_03-09,1030.0,1723.0
2024-02-25 01:08:14.546546,hn_03-09,1030.0,1723.0
2024-02-25 01:08:21.942942,hn_03-09,1030.0,1723.0
2024-02-25 01:08:29.416416,hn_03-09,1030.0,1723.0
2024-02-25 01:08:36.867867,hn_03-09,1030.0,1723.0
2024-02-25 01:08:44.298298,hn_03-09,1030.0,1723.0
2024-02-25 01:08:51.786786,hn_03-09,1030.0,1723.0
2024-02-25 01:08:59.363363,hn_03-09,1030.0,1723.0
2024-02-25 01:09:06.906906,hn_03-09,1030.0,1723.0
2024-02-25 01:09:14.472472,hn_03-09,1030.0,1723.0
2024-02-25 01:09:22.103103,hn_03-09,1030.0,1723.0
2024-02-25 01:09:29.767600,hn_03-09,1030.0,1723.0
2024-02-25 01:09:37.367367,hn_03-09,1030.0,1723.0
2024-02-25 01:09:44.967967,hn_03-09,1030.0,1723.0
2024-02-25 01:09:52.476476,hn_03-09,1030.0,1723.0
2024-02-25 01:10:00.053053,hn_03-09,1030.0,1723.0
2024-02-25 01:10:07.501501,hn_03-09,1030.0,1723.0
2024-02-25 01:10:15.113113,hn_03-09,1030.0,1723.0
2024-02-25 01:10:22.717100,hn_03-09,1030.0,1723.0
2024-02-25 01:10:30.172172,hn_03-09,1030.0,1723.0
2024-02-25 01:10:37.662662,hn_03-09,1030.0,1723.0
2024-02-25 01:10:45.336336,hn_03-09,1030.0,1723.0
2024-02-25 01:10:52.999900,hn_03-09,1030.0,1723.0
2024-02-25 01:11:00.476476,hn_03-09,1030.0,1723.0
2024-02-25 01:11:07.989800,hn_03-09,1030.0,1723.0
2024-02-25 01:11:15.505505,hn_03-09,1030.0,1723.0
2024-02-25 01:11:23.232232,hn_03-09,1030.0,1723.0
2024-02-25 01:11:30.889889,hn_03-09,1030.0,1723.0
2024-02-25 01:11:38.604604,hn_03-09,1030.0,1723.0
2024-02-25 01:11:46.202202,hn_03-09,1030.0,1723.0
2024-02-25 01:11:53.712712,hn_03-09,1030.0,1723.0
2024-02-25 01:12:00.989989,hn_03-09,1030.0,1723.0
2024-02-25 01:12:08.593593,hn_03-09,1030.0,1723.0
2024-02-25 01:12:16.030300,hn_03-09,1030.0,1723.0
2024-02-25 01:12:23.506506,hn_03-09,1030.0,1723.0
2024-02-25 01:12:31.050500,hn_03-09,1030.0,1723.0
2024-02-25 01:12:38.693693,hn_03-09,1030.0,1723.0
2024-02-25 01:12:46.392392,hn_03-09,1030.0,1723.0
2024-02-25 01:12:53.753753,hn_03-09,1030.0,1723.0
2024-02-25 01:13:01.233233,hn_03-09,1030.0,1723.0
2024-02-25 01:13:08.878878,hn_03-09,1030.0,1723.0
2024-02-25 01:13:16.465465,hn_03-09,1030.0,1723.0
2024-02-25 01:13:24.011011,hn_03-09,1030.0,1723.0
2024-02-25 01:13:31.691691,hn_03-09,1030.0,1723.0
2024-02-25 01:13:39.306306,hn_03-09,1030.0,1723.0
2024-02-25 01:13:46.955955,hn_03-09,1030.0,1723.0
2024-02-25 01:13:54.547547,hn_03-09,1030.0,1723.0
2024-02-25 01:14:02.299299,hn_03-09,1030.0,1723.0
2024-02-25 01:14:09.984984,hn_03-09,1030.0,1723.0
2024-02-25 01:14:17.592592,hn_03-09,1030.0,1723.0
2024-02-25 01:14:25.279279,hn_03-09,1030.0,1723.0
2024-02-25 01:14:32.821821,hn_03-09,1030.0,1723.0
2024-02-25 01:14:40.219219,hn_03-09,1030.0,1723.0
2024-02-25 01:14:47.767600,hn_03-09,1030.0,1723.0
2024-02-25 01:14:55.494494,hn_03-09,1030.0,1723.0
2024-02-25 01:15:03.182182,hn_03-09,1030.0,1723.0
2024-02-25 01:15:10.762762,hn_03-09,1030.0,1723.0
2024-02-25 01:15:18.001001,hn_03-09,1030.0,1723.0
2024-02-25 01:15:25.557557,hn_03-09,1030.0,1723.0
2024-02-25 01:15:33.030300,hn_03-09,1030.0,1723.0
2024-02-25 01:15:40.506506,hn_03-09,1030.0,1723.0
2024-02-25 01:15:48.161600,hn_03-09,1030.0,1723.0
2024-02-25 01:15:55.747400,hn_03-09,1030.0,1723.0
2024-02-25 01:16:03.181800,hn_03-09,1030.0,1723.0
2024-02-25 01:16:10.918918,hn_03-09,1030.0,1723.0
2024-02-25 01:16:18.594594,hn_03-09,1030.0,1723.0
2024-02-25 01:16:26.311311,hn_03-09,1030.0,1723.0
2024-02-25 01:16:33.893893,hn_03-09,1030.0,1723.0
2024-02-25 01:16:41.817817,hn_03-09,1030.0,1723.0
2024-02-25 01:16:49.736736,hn_03-09,1030.0,1723.0
2024-02-25 01:16:57.347347,hn_03-09,1030.0,1723.0
2024-02-25 01:17:04.921921,hn_03-09,1030.0,1723.0
2024-02-25 01:17:12.524524,hn_03-09,1030.0,1723.0
2024-02-25 01:17:20.129129,hn_03-09,1030.0,1723.0
2024-02-25 01:17:27.571571,hn_03-09,1030.0,1723.0
2024-02-25 01:17:34.967967,hn_03-09,1030.0,1723.0
2024-02-25 01:17:42.576576,hn_03-09,1030.0,1723.0
2024-02-25 01:17:50.065065,hn_03-09,1030.0,1723.0
2024-02-25 01:17:57.473473,hn_03-09,1030.0,1723.0
2024-02-25 01:18:05.118118,hn_03-09,1030.0,1723.0
2024-02-25 01:18:12.832832,hn_03-09,1030.0,1723.0
2024-02-25 01:18:20.365365,hn_03-09,1030.0,1723.0
2024-02-25 01:18:27.712712,hn_03-09,1030.0,1723.0
2024-02-25 01:18:35.179179,hn_03-09,1030.0,1723.0
2024-02-25 01:18:42.697697,hn_03-09,1030.0,1723.0
2024-02-25 01:18:50.242400,hn_03-09,1030.0,1723.0
2024-02-25 01:18:57.715715,hn_03-09,1045.5,1726.5
2024-02-25 01:19:05.251251,hn_03-09,1030.0,1723.0
2024-02-25 01:19:12.951951,hn_03-09,1030.0,1723.0
2024-02-25 01:19:20.343400,hn_03-09,1030.0,1723.0
2024-02-25 01:19:27.954954,hn_03-09,1030.0,1723.0
2024-02-25 01:19:35.399399,hn_03-09,1030.0,1723.0
2024-02-25 01:19:43.147147,hn_03-09,1030.0,1723.0
2024-02-25 01:19:50.865865,hn_03-09,1030.0,1723.0
2024-02-25 01:19:59.293293,hn_03-09,1030.0,1723.0
2024-02-25 01:20:06.923923,hn_03-09,1030.0,1723.0
2024-02-25 01:20:14.657657,hn_03-09,1030.0,1723.0
2024-02-25 01:20:22.185185,hn_03-09,1030.0,1723.0
2024-02-25 01:20:29.872872,hn_03-09,1030.0,1723.0
2024-02-25 01:20:37.463463,hn_03-09,1030.0,1723.0
2024-02-25 01:20:45.056056,hn_03-09,1030.0,1723.0
2024-02-25 01:20:52.761761,hn_03-09,1030.0,1723.0
2024-02-25 01:21:00.308308,hn_03-09,1030.0,1723.0
2024-02-25 01:21:07.878878,hn_03-09,1030.0,1723.0
2024-02-25 01:21:15.436436,hn_03-09,1030.0,1723.0
2024-02-25 01:21:23.017017,hn_03-09,1030.0,1723.0
2024-02-25 01:21:30.594594,hn_03-09,1030.0,1723.0
2024-02-25 01:21:38.011011,hn_03-09,1030.0,1723.0
2024-02-25 01:21:45.346346,hn_03-09,1030.0,1723.0
2024-02-25 01:21:52.586586,hn_03-09,1030.0,1723.0
2024-02-25 01:22:00.184184,hn_03-09,1030.0,1723.0
2024-02-25 01:22:07.881881,hn_03-09,1030.0,1723.0
2024-02-25 01:22:15.393900,hn_03-09,1030.0,1723.0
2024-02-25 01:22:22.995995,hn_03-09,1030.0,1723.0
2024-02-25 01:22:30.646646,hn_03-09,1030.0,1723.0
2024-02-25 01:22:38.346346,hn_03-09,1030.0,1723.0
2024-02-25 01:22:45.955955,hn_03-09,1030.0,1723.0
2024-02-25 01:22:53.522522,hn_03-09,1030.0,1723.0
2024-02-25 01:23:01.188188,hn_03-09,1030.0,1723.0
2024-02-25 01:23:08.762762,hn_03-09,1030.0,1723.0
2024-02-25 01:23:16.383800,hn_03-09,1030.0,1723.0
2024-02-25 01:23:24.061061,hn_03-09,1030.0,1723.0
2024-02-25 01:23:31.722722,hn_03-09,1030.0,1723.0
2024-02-25 01:23:39.397397,hn_03-09,1030.0,1723.0
2024-02-25 01:23:46.971971,hn_03-09,1030.0,1723.0
2024-02-25 01:23:54.583583,hn_03-09,1030.0,1723.0
2024-02-25 01:24:02.191900,hn_03-09,1030.0,1723.0
2024-02-25 01:24:09.677677,hn_03-09,1030.0,1723.0
2024-02-25 01:24:17.264264,hn_03-09,1030.0,1723.0
2024-02-25 01:24:24.797797,hn_03-09,1030.0,1723.0
2024-02-25 01:24:32.335335,hn_03-09,1030.0,1723.0
2024-02-25 01:24:39.773773,hn_03-09,1030.0,1723.0
2024-02-25 01:24:47.232232,hn_03-09,1030.0,1723.0
2024-02-25 01:24:54.816816,hn_03-09,1030.0,1723.0
2024-02-25 01:25:02.244244,hn_03-09,1030.0,1723.0
2024-02-25 01:25:09.782782,hn_03-09,1030.0,1723.0
2024-02-25 01:25:17.357357,hn_03-09,1030.0,1723.0
2024-02-25 01:25:24.868868,hn_03-09,1030.0,1723.0
2024-02-25 01:25:32.466466,hn_03-09,1030.0,1723.0
2024-02-25 01:25:39.999900,hn_03-09,1030.0,1723.0
2024-02-25 01:25:47.689689,hn_03-09,1030.0,1723.0
2024-02-25 01:25:55.354354,hn_03-09,1030.0,1723.0
2024-02-25 01:26:02.866866,hn_03-09,1030.0,1723.0
2024-02-25 01:26:10.220000,hn_03-09,1030.0,1723.0
2024-02-25 01:26:17.745745,hn_03-09,1030.0,1723.0
2024-02-25 01:26:25.081081,hn_03-09,1030.0,1723.0
2024-02-25 01:26:32.604604,hn_03-09,1030.0,1723.0
2024-02-25 01:26:40.090900,hn_03-09,1030.0,1723.0
2024-02-25 01:26:47.536536,hn_03-09,1030.0,1723.0
2024-02-25 01:26:55.049049,hn_03-09,1030.0,1723.0
2024-02-25 01:27:02.647647,hn_03-09,1030.0,1723.0
2024-02-25 01:27:10.194194,hn_03-09,1030.0,1723.0
2024-02-25 01:27:17.716716,hn_03-09,1030.0,1723.0
2024-02-25 01:27:25.226226,hn_03-09,1030.0,1723.0
2024-02-25 01:27:32.799799,hn_03-09,1030.0,1723.0
2024-02-25 01:27:40.258258,hn_03-09,1030.0,1723.0
2024-02-25 01:27:47.821821,hn_03-09,1030.0,1723.0
2024-02-25 01:27:55.473473,hn_03-09,1030.0,1723.0
2024-02-25 01:28:03.113113,hn_03-09,1030.0,1723.0
2024-02-25 01:28:10.745745,hn_03-09,1030.0,1723.0
2024-02-25 01:28:18.191900,hn_03-09,1030.0,1723.0
2024-02-25 01:28:25.797797,hn_03-09,1030.0,1723.0
2024-02-25 01:28:33.499499,hn_03-09,1030.0,1723.0
2024-02-25 01:28:40.979979,hn_03-09,1030.0,1723.0
2024-02-25 01:28:48.603603,hn_03-09,1030.0,1723.0
2024-02-25 01:28:56.226226,hn_03-09,1030.0,1723.0
2024-02-25 01:29:03.777700,hn_03-09,1030.0,1723.0
2024-02-25 01:29:11.119119,hn_03-09,1030.0,1723.0
2024-02-25 01:29:18.766766,hn_03-09,1030.0,1723.0
2024-02-25 01:29:26.225225,hn_03-09,1030.0,1723.0
2024-02-25 01:29:33.770000,hn_03-09,1030.0,1723.0
2024-02-25 01:29:41.377377,hn_03-09,1030.0,1723.0
2024-02-25 01:29:48.988988,hn_03-09,1030.0,1723.0
2024-02-25 01:29:56.757757,hn_03-09,1030.0,1723.0
2024-02-25 01:30:04.299299,hn_03-09,1030.0,1723.0
2024-02-25 01:30:11.758758,hn_03-09,1030.0,1723.0
2024-02-25 01:30:19.374374,hn_03-09,1030.0,1723.0
2024-02-25 01:30:26.884884,hn_03-09,1030.0,1723.0
2024-02-25 01:30:34.512512,hn_03-09,1030.0,1723.0
2024-02-25 01:30:41.982982,hn_03-09,1030.0,1723.0
2024-02-25 01:30:49.285285,hn_03-09,1030.0,1723.0
2024-02-25 01:30:56.683683,hn_03-09,1030.0,1723.0
2024-02-25 01:31:04.221221,hn_03-09,1030.0,1723.0
2024-02-25 01:31:11.856856,hn_03-09,1030.0,1723.0
2024-02-25 01:31:19.278278,hn_03-09,1030.0,1723.0
2024-02-25 01:31:26.751751,hn_03-09,1030.0,1723.0
2024-02-25 01:31:34.256256,hn_03-09,1030.0,1723.0
2024-02-25 01:31:41.961961,hn_03-09,1030.0,1723.0
2024-02-25 01:31:49.373373,hn_03-09,1030.0,1723.0
2024-02-25 01:31:57.063063,hn_03-09,1030.0,1723.0
2024-02-25 01:32:04.754754,hn_03-09,1030.0,1723.0
2024-02-25 01:32:12.232300,hn_03-09,1030.0,1723.0
2024-02-25 01:32:19.791791,hn_03-09,1030.0,1723.0
2024-02-25 01:32:27.177177,hn_03-09,1030.0,1723.0
2024-02-25 01:32:34.757757,hn_03-09,1030.0,1723.0
2024-02-25 01:32:42.315315,hn_03-09,1030.0,1723.0
2024-02-25 01:32:49.771771,hn_03-09,1030.0,1723.0
2024-02-25 01:32:57.307307,hn_03-09,1030.0,1723.0
2024-02-25 01:33:04.923923,hn_03-09,1030.0,1723.0
2024-02-25 01:33:12.515515,hn_03-09,1030.0,1723.0
2024-02-25 01:33:20.082082,hn_03-09,1030.0,1723.0
2024-02-25 01:33:27.673673,hn_03-09,1030.0,1723.0
2024-02-25 01:33:35.282282,hn_03-09,1030.0,1723.0
2024-02-25 01:33:42.957957,hn_03-09,1030.0,1723.0
2024-02-25 01:33:50.456456,hn_03-09,1030.0,1723.0
2024-02-25 01:33:58.041041,hn_03-09,1030.0,1723.0
2024-02-25 01:34:05.665665,hn_03-09,1030.0,1723.0
2024-02-25 01:34:13.306306,hn_03-09,1030.0,1723.0
2024-02-25 01:34:20.933933,hn_03-09,1030.0,1723.0
2024-02-25 01:34:28.535535,hn_03-09,1030.0,1723.0
2024-02-25 01:34:36.015015,hn_03-09,1030.0,1723.0
2024-02-25 01:34:43.599599,hn_03-09,1030.0,1723.0
2024-02-25 01:34:51.077077,hn_03-09,1030.0,1723.0
2024-02-25 01:34:58.578578,hn_03-09,1030.0,1723.0
2024-02-25 01:35:06.205205,hn_03-09,1030.0,1723.0
2024-02-25 01:35:13.566566,hn_03-09,1030.0,1723.0
2024-02-25 01:35:21.070700,hn_03-09,1030.0,1723.0
2024-02-25 01:35:28.654654,hn_03-09,1030.0,1723.0
2024-02-25 01:35:36.181181,hn_03-09,1030.0,1723.0
2024-02-25 01:35:43.806806,hn_03-09,1030.0,1723.0
2024-02-25 01:35:51.224224,hn_03-09,1030.0,1723.0
2024-02-25 01:35:58.775775,hn_03-09,1030.0,1723.0
2024-02-25 01:36:06.357357,hn_03-09,1030.0,1723.0
2024-02-25 01:36:13.982982,hn_03-09,1030.0,1723.0
2024-02-25 01:36:21.505505,hn_03-09,1030.0,1723.0
2024-02-25 01:36:29.218218,hn_03-09,1030.0,1723.0
2024-02-25 01:36:36.613613,hn_03-09,1030.0,1723.0
2024-02-25 01:36:44.219219,hn_03-09,1030.0,1723.0
2024-02-25 01:36:51.688688,hn_03-09,1030.0,1723.0
2024-02-25 01:36:59.199199,hn_03-09,1030.0,1723.0
2024-02-25 01:37:06.882882,hn_03-09,1030.0,1723.0
2024-02-25 01:37:14.443443,hn_03-09,1030.0,1723.0
2024-02-25 01:37:21.981981,hn_03-09,1030.0,1723.0
2024-02-25 01:37:29.651651,hn_03-09,1030.0,1723.0
2024-02-25 01:37:37.110000,hn_03-09,1030.0,1723.0
2024-02-25 01:37:44.765765,hn_03-09,1030.0,1723.0
2024-02-25 01:37:52.344344,hn_03-09,1030.0,1723.0
2024-02-25 01:37:59.968968,hn_03-09,1030.0,1723.0
2024-02-25 01:38:07.419419,hn_03-09,1030.0,1723.0
2024-02-25 01:38:14.857857,hn_03-09,1030.0,1723.0
2024-02-25 01:38:22.254254,hn_03-09,1030.0,1723.0
2024-02-25 01:38:29.852852,hn_03-09,1030.0,1723.0
2024-02-25 01:38:37.445445,hn_03-09,1030.0,1723.0
2024-02-25 01:38:44.974974,hn_03-09,1030.0,1723.0
2024-02-25 01:38:52.586586,hn_03-09,1030.0,1723.0
2024-02-25 01:39:00.123123,hn_03-09,1030.0,1723.0
2024-02-25 01:39:07.765765,hn_03-09,1030.0,1723.0
2024-02-25 01:39:15.414100,hn_03-09,1030.0,1723.0
2024-02-25 01:39:22.982982,hn_03-09,1030.0,1723.0
2024-02-25 01:39:30.685685,hn_03-09,1030.0,1723.0
2024-02-25 01:39:38.362362,hn_03-09,1030.0,1723.0
2024-02-25 01:39:46.059059,hn_03-09,1030.0,1723.0
2024-02-25 01:39:53.603603,hn_03-09,1030.0,1723.0
2024-02-25 01:40:01.269269,hn_03-09,1030.0,1723.0
2024-02-25 01:40:08.823823,hn_03-09,1030.0,1723.0
2024-02-25 01:40:16.379379,hn_03-09,1030.0,1723.0
2024-02-25 01:40:23.806806,hn_03-09,1030.0,1723.0
2024-02-25 01:40:31.373373,hn_03-09,1030.0,1723.0
2024-02-25 01:40:38.973973,hn_03-09,1030.0,1723.0
2024-02-25 01:40:46.585585,hn_03-09,1030.0,1723.0
2024-02-25 01:40:54.136136,hn_03-09,1030.0,1723.0
2024-02-25 01:41:01.796796,hn_03-09,1030.0,1723.0
2024-02-25 01:41:09.371371,hn_03-09,1030.0,1723.0
2024-02-25 01:41:16.943943,hn_03-09,1030.0,1723.0
2024-02-25 01:41:24.378378,hn_03-09,1030.0,1723.0
2024-02-25 01:41:31.925925,hn_03-09,1030.0,1723.0
2024-02-25 01:41:39.502502,hn_03-09,1030.0,1723.0
2024-02-25 01:41:47.062062,hn_03-09,1030.0,1723.0
2024-02-25 01:41:54.585585,hn_03-09,1030.0,1723.0
2024-02-25 01:42:02.117117,hn_03-09,1030.0,1723.0
2024-02-25 01:42:09.757757,hn_03-09,1030.0,1723.0
2024-02-25 01:42:17.141141,hn_03-09,1030.0,1723.0
2024-02-25 01:42:24.745745,hn_03-09,1030.0,1723.0
2024-02-25 01:42:32.209209,hn_03-09,1030.0,1723.0
2024-02-25 01:42:39.661661,hn_03-09,1030.0,1723.0
2024-02-25 01:42:47.225225,hn_03-09,1030.0,1723.0
2024-02-25 01:42:54.801801,hn_03-09,1030.0,1723.0
2024-02-25 01:43:02.444400,hn_03-09,1030.0,1723.0
2024-02-25 01:43:10.104104,hn_03-09,1030.0,1723.0
2024-02-25 01:43:17.695695,hn_03-09,1030.0,1723.0
2024-02-25 01:43:25.182182,hn_03-09,1030.0,1723.0
2024-02-25 01:43:32.737737,hn_03-09,1030.0,1723.0
2024-02-25 01:43:40.397397,hn_03-09,1030.0,1723.0
2024-02-25 01:43:48.003003,hn_03-09,1030.0,1723.0
2024-02-25 01:43:55.669669,hn_03-09,1030.0,1723.0
2024-02-25 01:44:03.219219,hn_03-09,1030.0,1723.0
2024-02-25 01:44:10.737300,hn_03-09,1030.0,1723.0
2024-02-25 01:44:18.128128,hn_03-09,1030.0,1723.0
2024-02-25 01:44:25.766766,hn_03-09,1030.0,1723.0
2024-02-25 01:44:33.311311,hn_03-09,1030.0,1723.0
2024-02-25 01:44:40.918918,hn_03-09,1030.0,1723.0
2024-02-25 01:44:48.585800,hn_03-09,1030.0,1723.0
2024-02-25 01:44:56.054054,hn_03-09,1030.0,1723.0
2024-02-25 01:45:03.658658,hn_03-09,1030.0,1723.0
2024-02-25 01:45:11.309309,hn_03-09,1030.0,1723.0
2024-02-25 01:45:18.905905,hn_03-09,1030.0,1723.0
2024-02-25 01:45:26.479479,hn_03-09,1030.0,1723.0
2024-02-25 01:45:33.977977,hn_03-09,1030.0,1723.0
2024-02-25 01:45:41.586586,hn_03-09,1030.0,1723.0
2024-02-25 01:45:49.104104,hn_03-09,1030.0,1723.0
2024-02-25 01:45:56.522522,hn_03-09,1030.0,1723.0
2024-02-25 01:46:03.969600,hn_03-09,1030.0,1723.0
2024-02-25 01:46:11.613613,hn_03-09,1030.0,1723.0
2024-02-25 01:46:19.121200,hn_03-09,1030.0,1723.0
2024-02-25 01:46:26.734734,hn_03-09,1030.0,1723.0
2024-02-25 01:46:34.128128,hn_03-09,1030.0,1723.0
2024-02-25 01:46:41.719719,hn_03-09,1030.0,1723.0
2024-02-25 01:46:49.175175,hn_03-09,1030.0,1723.0
2024-02-25 01:46:56.767767,hn_03-09,1030.0,1723.0
2024-02-25 01:47:04.442442,hn_03-09,1030.0,1723.0
2024-02-25 01:47:11.978978,hn_03-09,1030.0,1723.0
2024-02-25 01:47:19.537537,hn_03-09,1030.0,1723.0
2024-02-25 01:47:27.154154,hn_03-09,1030.0,1723.0
2024-02-25 01:47:34.508508,hn_03-09,1030.0,1723.0
2024-02-25 01:47:42.439439,hn_03-09,1030.0,1723.0
2024-02-25 01:47:50.332332,hn_03-09,1030.0,1723.0
2024-02-25 01:47:57.863863,hn_03-09,1030.0,1723.0
2024-02-25 01:48:05.618618,hn_03-09,1030.0,1723.0
2024-02-25 01:48:13.118118,hn_03-09,1030.0,1723.0
2024-02-25 01:48:20.758758,hn_03-09,1030.0,1723.0
2024-02-25 01:48:28.316316,hn_03-09,1030.0,1723.0
2024-02-25 01:48:35.842842,hn_03-09,1030.0,1723.0
2024-02-25 01:48:43.384384,hn_03-09,1030.0,1723.0
2024-02-25 01:48:50.717717,hn_03-09,1030.0,1723.0
2024-02-25 01:48:58.123123,hn_03-09,1030.0,1723.0
2024-02-25 01:49:05.658658,hn_03-09,1030.0,1723.0
2024-02-25 01:49:13.151500,hn_03-09,1030.0,1723.0
2024-02-25 01:49:20.452452,hn_03-09,1030.0,1723.0
2024-02-25 01:49:27.984984,hn_03-09,1030.0,1723.0
2024-02-25 01:49:35.369369,hn_03-09,1030.0,1723.0
2024-02-25 01:49:42.874874,hn_03-09,1030.0,1723.0
2024-02-25 01:49:50.330000,hn_03-09,1030.0,1723.0
2024-02-25 01:49:57.791791,hn_03-09,1030.0,1723.0
2024-02-25 01:50:05.197197,hn_03-09,1030.0,1723.0
2024-02-25 01:50:12.604604,hn_03-09,1030.0,1723.0
2024-02-25 01:50:20.008008,hn_03-09,1030.0,1723.0
2024-02-25 01:50:27.522522,hn_03-09,1030.0,1723.0
2024-02-25 01:50:35.121121,hn_03-09,1030.0,1723.0
2024-02-25 01:50:42.575700,hn_03-09,1030.0,1723.0
2024-02-25 01:50:50.088088,hn_03-09,1030.0,1723.0
2024-02-25 01:50:57.598598,hn_03-09,1030.0,1723.0
2024-02-25 01:51:05.059059,hn_03-09,1030.0,1723.0
2024-02-25 01:51:12.673673,hn_03-09,1030.0,1723.0
2024-02-25 01:51:20.238238,hn_03-09,1030.0,1723.0
2024-02-25 01:51:27.975975,hn_03-09,1030.0,1723.0
2024-02-25 01:51:35.541541,hn_03-09,1030.0,1723.0
2024-02-25 01:51:42.974974,hn_03-09,1030.0,1723.0
2024-02-25 01:51:50.555555,hn_03-09,1030.0,1723.0
2024-02-25 01:51:57.993993,hn_03-09,1030.0,1723.0
2024-02-25 01:52:05.395395,hn_03-09,1030.0,1723.0
2024-02-25 01:52:12.979979,hn_03-09,1030.0,1723.0
2024-02-25 01:52:20.375375,hn_03-09,1030.0,1723.0
2024-02-25 01:52:27.864864,hn_03-09,1030.0,1723.0
2024-02-25 01:52:35.359359,hn_03-09,1030.0,1723.0
2024-02-25 01:52:42.585800,hn_03-09,1030.0,1723.0
2024-02-25 01:52:49.891891,hn_03-09,1030.0,1723.0
2024-02-25 01:52:57.438438,hn_03-09,1030.0,1723.0
2024-02-25 01:53:05.010100,hn_03-09,1030.0,1723.0
2024-02-25 01:53:12.494900,hn_03-09,1030.0,1723.0
2024-02-25 01:53:20.131131,hn_03-09,1030.0,1723.0
2024-02-25 01:53:27.766766,hn_03-09,1030.0,1723.0
2024-02-25 01:53:35.261261,hn_03-09,1030.0,1723.0
2024-02-25 01:53:43.301301,hn_03-09,1030.0,1723.0
2024-02-25 01:53:50.992992,hn_03-09,1030.0,1723.0
2024-02-25 01:53:58.619619,hn_03-09,1030.0,1723.0
2024-02-25 01:54:06.125125,hn_03-09,1030.0,1723.0
2024-02-25 01:54:13.698698,hn_03-09,1030.0,1723.0
2024-02-25 01:54:21.326326,hn_03-09,1030.0,1723.0
2024-02-25 01:54:28.964964,hn_03-09,1030.0,1723.0
2024-02-25 01:54:36.474700,hn_03-09,1030.0,1723.0
2024-02-25 01:54:44.006006,hn_03-09,1030.0,1723.0
2024-02-25 01:54:51.665665,hn_03-09,1030.0,1723.0
2024-02-25 01:54:59.145145,hn_03-09,1030.0,1723.0
2024-02-25 01:55:06.676700,hn_03-09,1030.0,1723.0
2024-02-25 01:55:14.333333,hn_03-09,1030.0,1723.0
2024-02-25 01:55:21.822822,hn_03-09,1030.0,1723.0
2024-02-25 01:55:29.388388,hn_03-09,1030.0,1723.0
2024-02-25 01:55:36.691691,hn_03-09,1030.0,1723.0
2024-02-25 01:55:44.343343,hn_03-09,1030.0,1723.0
2024-02-25 01:55:51.757757,hn_03-09,1030.0,1723.0
2024-02-25 01:55:59.192192,hn_03-09,1030.0,1723.0
2024-02-25 01:56:06.561561,hn_03-09,1030.0,1723.0
2024-02-25 01:56:13.931931,hn_03-09,1030.0,1723.0
2024-02-25 01:56:21.515515,hn_03-09,1030.0,1723.0
2024-02-25 01:56:28.983983,hn_03-09,1030.0,1723.0
2024-02-25 01:56:36.505505,hn_03-09,1030.0,1723.0
2024-02-25 01:56:44.026026,hn_03-09,1030.0,1723.0
2024-02-25 01:56:51.463463,hn_03-09,1030.0,1723.0
2024-02-25 01:56:59.011011,hn_03-09,1030.0,1723.0
2024-02-25 01:57:06.555555,hn_03-09,1030.0,1723.0
2024-02-25 01:57:14.194194,hn_03-09,1030.0,1723.0
2024-02-25 01:57:21.741741,hn_03-09,1030.0,1723.0
2024-02-25 01:57:29.285285,hn_03-09,1030.0,1723.0
2024-02-25 01:57:36.791791,hn_03-09,1030.0,1723.0
2024-02-25 01:57:44.176176,hn_03-09,1030.0,1723.0
2024-02-25 01:57:51.628628,hn_03-09,1030.0,1723.0
2024-02-25 01:57:59.151500,hn_03-09,1030.0,1723.0
2024-02-25 01:58:06.583583,hn_03-09,1030.0,1723.0
2024-02-25 01:58:14.010100,hn_03-09,1030.0,1723.0
2024-02-25 01:58:21.669669,hn_03-09,1030.0,1723.0
2024-02-25 01:58:29.353500,hn_03-09,1030.0,1723.0
2024-02-25 01:58:36.871871,hn_03-09,1030.0,1723.0
2024-02-25 01:58:44.468468,hn_03-09,1030.0,1723.0
2024-02-25 01:58:52.082082,hn_03-09,1030.0,1723.0
2024-02-25 01:58:59.629629,hn_03-09,1030.0,1723.0
2024-02-25 01:59:07.136136,hn_03-09,1030.0,1723.0
2024-02-25 01:59:14.756756,hn_03-09,1030.0,1723.0
2024-02-25 01:59:22.351351,hn_03-09,1030.0,1723.0
2024-02-25 01:59:29.864864,hn_03-09,1030.0,1723.0
2024-02-25 01:59:37.394394,hn_03-09,1030.0,1723.0
2024-02-25 01:59:44.898900,hn_03-09,1030.0,1723.0
2024-02-25 01:59:52.547547,hn_03-09,1030.0,1723.0
2024-02-25 02:00:00.142142,hn_03-09,1030.0,1723.0
2024-02-25 02:00:07.733733,hn_03-09,1030.0,1723.0
2024-02-25 02:00:15.354354,hn_03-09,1030.0,1723.0
2024-02-25 02:00:22.922922,hn_03-09,1030.0,1723.0
2024-02-25 02:00:30.457457,hn_03-09,1030.0,1723.0
2024-02-25 02:00:37.998998,hn_03-09,1030.0,1723.0
2024-02-25 02:00:45.515515,hn_03-09,1030.0,1723.0
2024-02-25 02:00:53.015015,hn_03-09,1030.0,1723.0
2024-02-25 02:01:00.524524,hn_03-09,1030.0,1723.0
2024-02-25 02:01:08.063063,hn_03-09,1030.0,1723.0
2024-02-25 02:01:15.606606,hn_03-09,1030.0,1723.0
2024-02-25 02:01:23.107107,hn_03-09,1030.0,1723.0
2024-02-25 02:01:30.774774,hn_03-09,1030.0,1723.0
2024-02-25 02:01:38.185185,hn_03-09,1030.0,1723.0
2024-02-25 02:01:45.761761,hn_03-09,1030.0,1723.0
2024-02-25 02:01:53.336336,hn_03-09,1030.0,1723.0
2024-02-25 02:02:00.865865,hn_03-09,1030.0,1723.0
2024-02-25 02:02:08.357357,hn_03-09,1030.0,1723.0
2024-02-25 02:02:15.767600,hn_03-09,1030.0,1723.0
2024-02-25 02:02:23.394394,hn_03-09,1030.0,1723.0
2024-02-25 02:02:30.989800,hn_03-09,1030.0,1723.0
2024-02-25 02:02:38.449449,hn_03-09,1030.0,1723.0
2024-02-25 02:02:45.978978,hn_03-09,1030.0,1723.0
2024-02-25 02:02:53.574574,hn_03-09,1030.0,1723.0
2024-02-25 02:03:01.172172,hn_03-09,1030.0,1723.0
2024-02-25 02:03:08.660000,hn_03-09,1030.0,1723.0
2024-02-25 02:03:16.171700,hn_03-09,1030.0,1723.0
2024-02-25 02:03:23.753753,hn_03-09,1030.0,1723.0
2024-02-25 02:03:31.178178,hn_03-09,1030.0,1723.0
2024-02-25 02:03:38.515515,hn_03-09,1030.0,1723.0
2024-02-25 02:03:46.194194,hn_03-09,1030.0,1723.0
2024-02-25 02:03:53.737300,hn_03-09,1030.0,1723.0
2024-02-25 02:04:01.099099,hn_03-09,1030.0,1723.0
2024-02-25 02:04:08.770000,hn_03-09,1030.0,1723.0
2024-02-25 02:04:16.314314,hn_03-09,1030.0,1723.0
2024-02-25 02:04:23.795795,hn_03-09,1030.0,1723.0
2024-02-25 02:04:31.452452,hn_03-09,1030.0,1723.0
2024-02-25 02:04:38.999900,hn_03-09,1030.0,1723.0
2024-02-25 02:04:46.475475,hn_03-09,1030.0,1723.0
2024-02-25 02:04:53.909909,hn_03-09,1030.0,1723.0
2024-02-25 02:05:01.336336,hn_03-09,1030.0,1723.0
2024-02-25 02:05:08.826826,hn_03-09,1030.0,1723.0
2024-02-25 02:05:16.147147,hn_03-09,1030.0,1723.0
2024-02-25 02:05:23.609609,hn_03-09,1030.0,1723.0
2024-02-25 02:05:31.032032,hn_03-09,1030.0,1723.0
2024-02-25 02:05:38.718718,hn_03-09,1030.0,1723.0
2024-02-25 02:05:46.386386,hn_03-09,1030.0,1723.0
2024-02-25 02:05:53.969600,hn_03-09,1030.0,1723.0
2024-02-25 02:06:01.546546,hn_03-09,1030.0,1723.0
2024-02-25 02:06:09.069069,hn_03-09,1030.0,1723.0
2024-02-25 02:06:16.705705,hn_03-09,1030.0,1723.0
2024-02-25 02:06:24.176176,hn_03-09,1030.0,1723.0
2024-02-25 02:06:31.716716,hn_03-09,1030.0,1723.0
2024-02-25 02:06:39.359359,hn_03-09,1030.0,1723.0
2024-02-25 02:06:46.744744,hn_03-09,1030.0,1723.0
2024-02-25 02:06:54.092092,hn_03-09,1030.0,1723.0
2024-02-25 02:07:01.671671,hn_03-09,1030.0,1723.0
2024-02-25 02:07:09.256256,hn_03-09,1030.0,1723.0
2024-02-25 02:07:16.868600,hn_03-09,1030.0,1723.0
2024-02-25 02:07:24.521521,hn_03-09,1030.0,1723.0
2024-02-25 02:07:32.194194,hn_03-09,1030.0,1723.0
2024-02-25 02:07:39.769769,hn_03-09,1030.0,1723.0
2024-02-25 02:07:47.385385,hn_03-09,1030.0,1723.0
2024-02-25 02:07:55.065065,hn_03-09,1030.0,1723.0
2024-02-25 02:08:02.539539,hn_03-09,1030.0,1723.0
2024-02-25 02:08:10.143143,hn_03-09,1030.0,1723.0
2024-02-25 02:08:17.618618,hn_03-09,1030.0,1723.0
2024-02-25 02:08:25.178178,hn_03-09,1030.0,1723.0
2024-02-25 02:08:32.756756,hn_03-09,1030.0,1723.0
2024-02-25 02:08:40.351351,hn_03-09,1030.0,1723.0
2024-02-25 02:08:47.797797,hn_03-09,1030.0,1723.0
2024-02-25 02:08:55.414100,hn_03-09,1030.0,1723.0
2024-02-25 02:09:02.889889,hn_03-09,1030.0,1723.0
2024-02-25 02:09:10.418418,hn_03-09,1030.0,1723.0
2024-02-25 02:09:17.864864,hn_03-09,1030.0,1723.0
2024-02-25 02:09:25.282282,hn_03-09,1030.0,1723.0
2024-02-25 02:09:32.614614,hn_03-09,1030.0,1723.0
2024-02-25 02:09:40.192192,hn_03-09,1030.0,1723.0
2024-02-25 02:09:47.762762,hn_03-09,1030.0,1723.0
2024-02-25 02:09:55.234234,hn_03-09,1030.0,1723.0
2024-02-25 02:10:02.902902,hn_03-09,1030.0,1723.0
2024-02-25 02:10:10.344344,hn_03-09,1030.0,1723.0
2024-02-25 02:10:17.755755,hn_03-09,1030.0,1723.0
2024-02-25 02:10:25.121200,hn_03-09,1030.0,1723.0
2024-02-25 02:10:32.581581,hn_03-09,1030.0,1723.0
2024-02-25 02:10:40.058058,hn_03-09,1030.0,1723.0
2024-02-25 02:10:47.605605,hn_03-09,1030.0,1723.0
2024-02-25 02:10:55.131300,hn_03-09,1030.0,1723.0
2024-02-25 02:11:02.511511,hn_03-09,1030.0,1723.0
2024-02-25 02:11:10.111111,hn_03-09,1030.0,1723.0
2024-02-25 02:11:17.632632,hn_03-09,1030.0,1723.0
2024-02-25 02:11:25.244244,hn_03-09,1030.0,1723.0
2024-02-25 02:11:32.728728,hn_03-09,1030.0,1723.0
2024-02-25 02:11:40.215215,hn_03-09,1030.0,1723.0
2024-02-25 02:11:47.809809,hn_03-09,1030.0,1723.0
2024-02-25 02:11:55.365365,hn_03-09,1030.0,1723.0
2024-02-25 02:12:02.723723,hn_03-09,1030.0,1723.0
2024-02-25 02:12:10.333333,hn_03-09,1030.0,1723.0
2024-02-25 02:12:17.856856,hn_03-09,1030.0,1723.0
2024-02-25 02:12:25.339339,hn_03-09,1030.0,1723.0
2024-02-25 02:12:32.877877,hn_03-09,1030.0,1723.0
2024-02-25 02:12:40.272700,hn_03-09,1030.0,1723.0
2024-02-25 02:12:47.967967,hn_03-09,1030.0,1723.0
2024-02-25 02:12:55.467467,hn_03-09,1030.0,1723.0
2024-02-25 02:13:03.138138,hn_03-09,1030.0,1723.0
2024-02-25 02:13:10.444444,hn_03-09,1030.0,1723.0
2024-02-25 02:13:17.842842,hn_03-09,1030.0,1723.0
2024-02-25 02:13:25.501501,hn_03-09,1030.0,1723.0
2024-02-25 02:13:33.131131,hn_03-09,1030.0,1723.0
2024-02-25 02:13:40.637637,hn_03-09,1030.0,1723.0
2024-02-25 02:13:48.318318,hn_03-09,1030.0,1723.0
2024-02-25 02:13:55.919100,hn_03-09,1030.0,1723.0
2024-02-25 02:14:03.513513,hn_03-09,1030.0,1723.0
2024-02-25 02:14:11.188188,hn_03-09,1030.0,1723.0
2024-02-25 02:14:18.787800,hn_03-09,1030.0,1723.0
2024-02-25 02:14:26.383800,hn_03-09,1030.0,1723.0
2024-02-25 02:14:33.775775,hn_03-09,1030.0,1723.0
2024-02-25 02:14:41.319319,hn_03-09,1030.0,1723.0
2024-02-25 02:14:48.702702,hn_03-09,1030.0,1723.0
2024-02-25 02:14:56.376376,hn_03-09,1030.0,1723.0
2024-02-25 02:15:03.961961,hn_03-09,1030.0,1723.0
2024-02-25 02:15:11.569569,hn_03-09,1030.0,1723.0
2024-02-25 02:15:19.084084,hn_03-09,1030.0,1723.0
2024-02-25 02:15:26.616100,hn_03-09,1030.0,1723.0
2024-02-25 02:15:33.985985,hn_03-09,1030.0,1723.0
2024-02-25 02:15:41.615615,hn_03-09,1030.0,1723.0
2024-02-25 02:15:49.205205,hn_03-09,1030.0,1723.0
2024-02-25 02:15:56.787800,hn_03-09,1030.0,1723.0
2024-02-25 02:16:04.364364,hn_03-09,1030.0,1723.0
2024-02-25 02:16:11.868600,hn_03-09,1030.0,1723.0
2024-02-25 02:16:19.383800,hn_03-09,1030.0,1723.0
2024-02-25 02:16:26.986986,hn_03-09,1030.0,1723.0
2024-02-25 02:16:34.376376,hn_03-09,1030.0,1723.0
2024-02-25 02:16:41.878878,hn_03-09,1030.0,1723.0
2024-02-25 02:16:49.485485,hn_03-09,1030.0,1723.0
2024-02-25 02:16:57.013013,hn_03-09,1030.0,1723.0
2024-02-25 02:17:04.659659,hn_03-09,1030.0,1723.0
2024-02-25 02:17:12.373700,hn_03-09,1030.0,1723.0
2024-02-25 02:17:19.949400,hn_03-09,1030.0,1723.0
2024-02-25 02:17:27.426426,hn_03-09,1030.0,1723.0
2024-02-25 02:17:34.842842,hn_03-09,1030.0,1723.0
2024-02-25 02:17:42.479479,hn_03-09,1030.0,1723.0
2024-02-25 02:17:49.937937,hn_03-09,1030.0,1723.0
2024-02-25 02:17:57.461461,hn_03-09,1030.0,1723.0
2024-02-25 02:18:05.007007,hn_03-09,1030.0,1723.0
2024-02-25 02:18:12.597597,hn_03-09,1030.0,1723.0
2024-02-25 02:18:20.085085,hn_03-09,1030.0,1723.0
2024-02-25 02:18:27.721721,hn_03-09,1030.0,1723.0
2024-02-25 02:18:35.333300,hn_03-09,1030.0,1723.0
2024-02-25 02:18:42.869869,hn_03-09,1030.0,1723.0
2024-02-25 02:18:50.334334,hn_03-09,1030.0,1723.0
2024-02-25 02:18:57.811811,hn_03-09,1030.0,1723.0
2024-02-25 02:19:05.365365,hn_03-09,1030.0,1723.0
2024-02-25 02:19:12.896896,hn_03-09,1030.0,1723.0
2024-02-25 02:19:20.354354,hn_03-09,1030.0,1723.0
2024-02-25 02:19:27.818100,hn_03-09,1033.0,1736.5
2024-02-25 02:19:35.246246,hn_03-09,1030.0,1723.0
2024-02-25 02:19:42.781781,hn_03-09,1030.0,1723.0
2024-02-25 02:19:50.338338,hn_03-09,1030.0,1723.0
2024-02-25 02:19:57.989800,hn_03-09,1030.0,1723.0
2024-02-25 02:20:05.579579,hn_03-09,1030.0,1723.0
2024-02-25 02:20:13.207207,hn_03-09,1030.0,1723.0
2024-02-25 02:20:20.634634,hn_03-09,1030.0,1723.0
2024-02-25 02:20:28.344344,hn_03-09,1030.0,1723.0
2024-02-25 02:20:35.914914,hn_03-09,1030.0,1723.0
2024-02-25 02:20:43.494494,hn_03-09,1030.0,1723.0
2024-02-25 02:20:51.002002,hn_03-09,1030.0,1723.0
2024-02-25 02:20:58.692692,hn_03-09,1030.0,1723.0
2024-02-25 02:21:06.472472,hn_03-09,1030.0,1723.0
2024-02-25 02:21:14.057057,hn_03-09,1030.0,1723.0
2024-02-25 02:21:21.675675,hn_03-09,1030.0,1723.0
2024-02-25 02:21:29.371371,hn_03-09,1030.0,1723.0
2024-02-25 02:21:36.919919,hn_03-09,1030.0,1723.0
2024-02-25 02:21:44.271271,hn_03-09,1030.0,1723.0
2024-02-25 02:21:51.858858,hn_03-09,1030.0,1723.0
2024-02-25 02:21:59.461461,hn_03-09,1030.0,1723.0
2024-02-25 02:22:07.050500,hn_03-09,1030.0,1723.0
2024-02-25 02:22:14.636300,hn_03-09,1030.0,1723.0
2024-02-25 02:22:22.544544,hn_03-09,1033.0,1780.0
2024-02-25 02:22:30.417417,hn_03-09,1030.0,1723.0
2024-02-25 02:22:37.888888,hn_03-09,1030.0,1723.0
2024-02-25 02:22:45.402402,hn_03-09,1030.0,1723.0
2024-02-25 02:22:53.000000,hn_03-09,1030.0,1723.0
2024-02-25 02:23:00.538538,hn_03-09,1030.0,1723.0
2024-02-25 02:23:08.047047,hn_03-09,1030.0,1723.0
2024-02-25 02:23:15.672672,hn_03-09,1030.0,1723.0
2024-02-25 02:23:23.199199,hn_03-09,1030.0,1723.0
2024-02-25 02:23:30.787787,hn_03-09,1030.0,1723.0
2024-02-25 02:23:38.371371,hn_03-09,1030.0,1723.0
2024-02-25 02:23:45.995995,hn_03-09,1030.0,1723.0
2024-02-25 02:23:53.496496,hn_03-09,1030.0,1723.0
2024-02-25 02:24:01.182182,hn_03-09,1030.0,1723.0
2024-02-25 02:24:08.503503,hn_03-09,1030.0,1723.0
2024-02-25 02:24:15.952952,hn_03-09,1030.0,1723.0
2024-02-25 02:24:23.523523,hn_03-09,1030.0,1723.0
2024-02-25 02:24:31.137137,hn_03-09,1030.0,1723.0
2024-02-25 02:24:38.734734,hn_03-09,1030.0,1723.0
2024-02-25 02:24:46.171700,hn_03-09,1030.0,1723.0
2024-02-25 02:24:53.666666,hn_03-09,1030.0,1723.0
2024-02-25 02:25:01.183183,hn_03-09,1030.0,1723.0
2024-02-25 02:25:08.514514,hn_03-09,1030.0,1723.0
2024-02-25 02:25:16.123123,hn_03-09,1030.0,1723.0
2024-02-25 02:25:23.772772,hn_03-09,1030.0,1723.0
2024-02-25 02:25:31.473473,hn_03-09,1030.0,1723.0
2024-02-25 02:25:39.144144,hn_03-09,1030.0,1723.0
2024-02-25 02:25:46.654654,hn_03-09,1030.0,1723.0
2024-02-25 02:25:54.289289,hn_03-09,1030.0,1723.0
2024-02-25 02:26:01.725725,hn_03-09,1030.0,1723.0
2024-02-25 02:26:09.376376,hn_03-09,1030.0,1723.0
2024-02-25 02:26:16.978978,hn_03-09,1030.0,1723.0
2024-02-25 02:26:24.422422,hn_03-09,1030.0,1723.0
2024-02-25 02:26:31.972972,hn_03-09,1030.0,1723.0
2024-02-25 02:26:39.556556,hn_03-09,1030.0,1723.0
2024-02-25 02:26:47.145145,hn_03-09,1030.0,1723.0
2024-02-25 02:26:54.718718,hn_03-09,1030.0,1723.0
2024-02-25 02:27:02.284284,hn_03-09,1030.0,1723.0
2024-02-25 02:27:09.857857,hn_03-09,1030.0,1723.0
2024-02-25 02:27:17.404404,hn_03-09,1030.0,1723.0
2024-02-25 02:27:24.904904,hn_03-09,1030.0,1723.0
2024-02-25 02:27:32.494494,hn_03-09,1030.0,1723.0
2024-02-25 02:27:40.017017,hn_03-09,1030.0,1723.0
2024-02-25 02:27:47.579579,hn_03-09,1030.0,1723.0
2024-02-25 02:27:55.106106,hn_03-09,1030.0,1723.0
2024-02-25 02:28:02.739739,hn_03-09,1030.0,1723.0
2024-02-25 02:28:10.379379,hn_03-09,1030.0,1723.0
2024-02-25 02:28:17.991991,hn_03-09,1030.0,1723.0
2024-02-25 02:28:25.551551,hn_03-09,1030.0,1723.0
2024-02-25 02:28:33.173173,hn_03-09,1030.0,1723.0
2024-02-25 02:28:40.766766,hn_03-09,1030.0,1723.0
2024-02-25 02:28:48.385385,hn_03-09,1030.0,1723.0
2024-02-25 02:28:55.943943,hn_03-09,1030.0,1723.0
2024-02-25 02:29:03.445445,hn_03-09,1030.0,1723.0
2024-02-25 02:29:11.134134,hn_03-09,1030.0,1723.0
2024-02-25 02:29:18.616616,hn_03-09,1030.0,1723.0
2024-02-25 02:29:26.062062,hn_03-09,1030.0,1723.0
2024-02-25 02:29:33.774774,hn_03-09,1030.0,1723.0
2024-02-25 02:29:41.338338,hn_03-09,1030.0,1723.0
2024-02-25 02:29:48.719719,hn_03-09,1030.0,1723.0
2024-02-25 02:29:56.264264,hn_03-09,1030.0,1723.0
2024-02-25 02:30:03.776776,hn_03-09,1030.0,1723.0
2024-02-25 02:30:11.235235,hn_03-09,1030.0,1723.0
2024-02-25 02:30:18.696696,hn_03-09,1030.0,1723.0
2024-02-25 02:30:26.181181,hn_03-09,1030.0,1723.0
2024-02-25 02:30:33.775775,hn_03-09,1030.0,1723.0
2024-02-25 02:30:41.296296,hn_03-09,1030.0,1723.0
2024-02-25 02:30:48.722722,hn_03-09,1030.0,1723.0
2024-02-25 02:30:56.381381,hn_03-09,1030.0,1723.0
2024-02-25 02:31:03.781781,hn_03-09,1030.0,1723.0
2024-02-25 02:31:11.251251,hn_03-09,1030.0,1723.0
2024-02-25 02:31:18.709709,hn_03-09,1030.0,1723.0
2024-02-25 02:31:26.241241,hn_03-09,1030.0,1723.0
2024-02-25 02:31:33.843843,hn_03-09,1030.0,1723.0
2024-02-25 02:31:41.149149,hn_03-09,1030.0,1723.0
2024-02-25 02:31:48.673673,hn_03-09,1030.0,1723.0
2024-02-25 02:31:56.275275,hn_03-09,1030.0,1723.0
2024-02-25 02:32:03.697697,hn_03-09,1030.0,1723.0
2024-02-25 02:32:11.232300,hn_03-09,1030.0,1723.0
2024-02-25 02:32:18.795795,hn_03-09,1030.0,1723.0
2024-02-25 02:32:26.292900,hn_03-09,1030.0,1723.0
2024-02-25 02:32:33.862862,hn_03-09,1030.0,1723.0
2024-02-25 02:32:41.462462,hn_03-09,1030.0,1723.0
2024-02-25 02:32:48.978978,hn_03-09,1030.0,1723.0
2024-02-25 02:32:56.473473,hn_03-09,1030.0,1723.0
2024-02-25 02:33:04.157157,hn_03-09,1030.0,1723.0
2024-02-25 02:33:11.765765,hn_03-09,1030.0,1723.0
2024-02-25 02:33:19.409409,hn_03-09,1030.0,1723.0
2024-02-25 02:33:27.035035,hn_03-09,1030.0,1723.0
2024-02-25 02:33:34.604604,hn_03-09,1030.0,1723.0
2024-02-25 02:33:42.020200,hn_03-09,1030.0,1723.0
2024-02-25 02:33:49.525200,hn_03-09,1030.0,1723.0
2024-02-25 02:33:57.018018,hn_03-09,1030.0,1723.0
2024-02-25 02:34:04.542542,hn_03-09,1030.0,1723.0
2024-02-25 02:34:12.171700,hn_03-09,1030.0,1723.0
2024-02-25 02:34:19.764764,hn_03-09,1030.0,1723.0
2024-02-25 02:34:27.352352,hn_03-09,1030.0,1723.0
2024-02-25 02:34:34.819819,hn_03-09,1030.0,1723.0
2024-02-25 02:34:42.329329,hn_03-09,1030.0,1723.0
2024-02-25 02:34:49.952952,hn_03-09,1030.0,1723.0
2024-02-25 02:34:57.447447,hn_03-09,1030.0,1723.0
2024-02-25 02:35:05.050500,hn_03-09,1030.0,1723.0
2024-02-25 02:35:12.583583,hn_03-09,1030.0,1723.0
2024-02-25 02:35:20.157157,hn_03-09,1030.0,1723.0
2024-02-25 02:35:27.491491,hn_03-09,1030.0,1723.0
2024-02-25 02:35:34.998998,hn_03-09,1030.0,1723.0
2024-02-25 02:35:42.483483,hn_03-09,1030.0,1723.0
2024-02-25 02:35:50.136136,hn_03-09,1030.0,1723.0
2024-02-25 02:35:57.724724,hn_03-09,1030.0,1723.0
2024-02-25 02:36:05.138138,hn_03-09,1030.0,1723.0
2024-02-25 02:36:12.676676,hn_03-09,1030.0,1723.0
2024-02-25 02:36:20.169169,hn_03-09,1030.0,1723.0
2024-02-25 02:36:27.787787,hn_03-09,1030.0,1723.0
2024-02-25 02:36:35.292292,hn_03-09,1030.0,1723.0
2024-02-25 02:36:42.897897,hn_03-09,1030.0,1723.0
2024-02-25 02:36:50.391391,hn_03-09,1030.0,1723.0
2024-02-25 02:36:57.993993,hn_03-09,1030.0,1723.0
2024-02-25 02:37:05.472472,hn_03-09,1030.0,1723.0
2024-02-25 02:37:13.181800,hn_03-09,1030.0,1723.0
2024-02-25 02:37:20.712712,hn_03-09,1030.0,1723.0
2024-02-25 02:37:28.172172,hn_03-09,1030.0,1723.0
2024-02-25 02:37:35.679679,hn_03-09,1030.0,1723.0
2024-02-25 02:37:43.203203,hn_03-09,1030.0,1723.0
2024-02-25 02:37:50.613613,hn_03-09,1030.0,1723.0
2024-02-25 02:37:58.357357,hn_03-09,1030.0,1723.0
2024-02-25 02:38:05.909909,hn_03-09,1030.0,1723.0
2024-02-25 02:38:13.533533,hn_03-09,1030.0,1723.0
2024-02-25 02:38:21.201201,hn_03-09,1030.0,1723.0
2024-02-25 02:38:28.759759,hn_03-09,1030.0,1723.0
2024-02-25 02:38:36.411411,hn_03-09,1030.0,1723.0
2024-02-25 02:38:43.893893,hn_03-09,1030.0,1723.0
2024-02-25 02:38:51.473473,hn_03-09,1030.0,1723.0
2024-02-25 02:38:59.121200,hn_03-09,1030.0,1723.0
2024-02-25 02:39:06.701701,hn_03-09,1030.0,1723.0
2024-02-25 02:39:14.286286,hn_03-09,1030.0,1723.0
2024-02-25 02:39:21.807807,hn_03-09,1030.0,1723.0
2024-02-25 02:39:29.151500,hn_03-09,1030.0,1723.0
2024-02-25 02:39:36.524524,hn_03-09,1030.0,1723.0
2024-02-25 02:39:44.161161,hn_03-09,1030.0,1723.0
2024-02-25 02:39:51.898898,hn_03-09,1030.0,1723.0
2024-02-25 02:39:59.502502,hn_03-09,1030.0,1723.0
2024-02-25 02:40:07.088088,hn_03-09,1030.0,1723.0
2024-02-25 02:40:14.746746,hn_03-09,1030.0,1723.0
2024-02-25 02:40:22.208208,hn_03-09,1030.0,1723.0
2024-02-25 02:40:29.918918,hn_03-09,1030.0,1723.0
2024-02-25 02:40:37.487487,hn_03-09,1030.0,1723.0
2024-02-25 02:40:44.806806,hn_03-09,1030.0,1723.0
2024-02-25 02:40:52.159159,hn_03-09,1030.0,1723.0
2024-02-25 02:40:59.478478,hn_03-09,1030.0,1723.0
2024-02-25 02:41:06.757757,hn_03-09,1030.0,1723.0
2024-02-25 02:41:14.104104,hn_03-09,1030.0,1723.0
2024-02-25 02:41:21.362362,hn_03-09,1030.0,1723.0
2024-02-25 02:41:33.008008,hn_03-09,1030.0,1723.0
2024-02-25 02:41:40.214214,hn_03-09,1030.0,1723.0
2024-02-25 02:41:47.384384,hn_03-09,1030.0,1723.0
2024-02-25 02:41:54.651651,hn_03-09,1030.0,1723.0
2024-02-25 02:42:01.887887,hn_03-09,1030.0,1723.0
2024-02-25 02:42:09.142142,hn_03-09,1030.0,1723.0
2024-02-25 02:42:16.409409,hn_03-09,1030.0,1723.0
2024-02-25 02:42:23.684684,hn_03-09,1030.0,1723.0
2024-02-25 02:42:30.894894,hn_03-09,1030.0,1723.0
2024-02-25 02:42:38.145145,hn_03-09,1030.0,1723.0
2024-02-25 02:42:45.372372,hn_03-09,1033.463,1735.558
2024-02-25 02:42:52.616616,hn_03-09,1030.0,1723.0
2024-02-25 02:42:59.831831,hn_03-09,1030.0,1723.0
2024-02-25 02:43:07.121200,hn_03-09,1030.0,1723.0
2024-02-25 02:43:14.396396,hn_03-09,1030.0,1723.0
2024-02-25 02:43:21.667667,hn_03-09,1030.0,1723.0
2024-02-25 02:43:28.919919,hn_03-09,1030.0,1723.0
2024-02-25 02:43:36.194194,hn_03-09,1030.0,1723.0
2024-02-25 02:43:43.449449,hn_03-09,1030.0,1723.0
2024-02-25 02:43:50.712712,hn_03-09,1030.0,1723.0
2024-02-25 02:43:57.969600,hn_03-09,1030.0,1723.0
2024-02-25 02:44:05.266266,hn_03-09,1033.5,1729.5
2024-02-25 02:44:12.549549,hn_03-09,1030.0,1723.0
2024-02-25 02:44:19.873873,hn_03-09,1030.0,1723.0
2024-02-25 02:44:27.161600,hn_03-09,1030.0,1723.0
2024-02-25 02:44:34.509509,hn_03-09,1030.0,1723.0
2024-02-25 02:44:41.863863,hn_03-09,1030.0,1723.0
2024-02-25 02:44:49.223223,hn_03-09,1030.0,1723.0
2024-02-25 02:44:56.583583,hn_03-09,1030.0,1723.0
2024-02-25 02:45:03.957957,hn_03-09,1030.0,1723.0
2024-02-25 02:45:11.307307,hn_03-09,1030.0,1723.0
2024-02-25 02:45:18.538538,hn_03-09,1030.0,1723.0
2024-02-25 02:45:25.818818,hn_03-09,1030.0,1723.0
2024-02-25 02:45:33.062062,hn_03-09,1030.0,1723.0
2024-02-25 02:45:40.321321,hn_03-09,1030.0,1723.0
2024-02-25 02:45:47.626200,hn_03-09,1030.0,1723.0
2024-02-25 02:45:54.915915,hn_03-09,1030.0,1723.0
2024-02-25 02:46:02.213213,hn_03-09,1030.0,1723.0
2024-02-25 02:46:09.502502,hn_03-09,1030.0,1723.0
2024-02-25 02:46:16.766766,hn_03-09,1030.0,1723.0
2024-02-25 02:46:24.006006,hn_03-09,1030.0,1723.0
2024-02-25 02:46:31.235235,hn_03-09,1030.0,1723.0
2024-02-25 02:46:38.542542,hn_03-09,1030.0,1723.0
2024-02-25 02:46:45.833833,hn_03-09,1030.0,1723.0
2024-02-25 02:46:53.099099,hn_03-09,1030.0,1723.0
2024-02-25 02:47:00.432432,hn_03-09,1030.0,1723.0
2024-02-25 02:47:07.741741,hn_03-09,1030.0,1723.0
2024-02-25 02:47:15.010100,hn_03-09,1030.0,1723.0
2024-02-25 02:47:22.283283,hn_03-09,1030.0,1723.0
2024-02-25 02:47:29.562562,hn_03-09,1030.0,1723.0
2024-02-25 02:47:36.894894,hn_03-09,1030.0,1723.0
2024-02-25 02:47:44.181800,hn_03-09,1030.0,1723.0
2024-02-25 02:47:51.475475,hn_03-09,1030.0,1723.0
2024-02-25 02:47:58.737737,hn_03-09,1030.0,1723.0
2024-02-25 02:48:06.033033,hn_03-09,1030.0,1723.0
2024-02-25 02:48:13.361361,hn_03-09,1030.0,1723.0
2024-02-25 02:48:20.692692,hn_03-09,1030.0,1723.0
2024-02-25 02:48:27.969969,hn_03-09,1030.0,1723.0
2024-02-25 02:48:35.291291,hn_03-09,1030.0,1723.0
2024-02-25 02:48:42.611611,hn_03-09,1030.0,1723.0
2024-02-25 02:48:49.884884,hn_03-09,1030.0,1723.0
2024-02-25 02:48:57.153153,hn_03-09,1030.0,1723.0
2024-02-25 02:49:04.408408,hn_03-09,1030.0,1723.0
2024-02-25 02:49:11.671671,hn_03-09,1030.0,1723.0
2024-02-25 02:49:18.935935,hn_03-09,1030.0,1723.0
2024-02-25 02:49:26.223223,hn_03-09,1030.0,1723.0
2024-02-25 02:49:33.575575,hn_03-09,1030.0,1723.0
2024-02-25 02:49:40.868868,hn_03-09,1030.0,1723.0
2024-02-25 02:49:48.149149,hn_03-09,1030.0,1723.0
2024-02-25 02:49:55.418418,hn_03-09,1030.0,1723.0
2024-02-25 02:50:02.747400,hn_03-09,1030.0,1723.0
2024-02-25 02:50:10.001001,hn_03-09,1030.0,1723.0
2024-02-25 02:50:17.257257,hn_03-09,1030.0,1723.0
2024-02-25 02:50:24.488488,hn_03-09,1030.0,1723.0
2024-02-25 02:50:31.836836,hn_03-09,1030.0,1723.0
2024-02-25 02:50:39.115115,hn_03-09,1030.0,1723.0
2024-02-25 02:50:46.352352,hn_03-09,1030.0,1723.0
2024-02-25 02:50:53.595595,hn_03-09,1030.0,1723.0
2024-02-25 02:51:00.817817,hn_03-09,1030.0,1723.0
2024-02-25 02:51:08.080800,hn_03-09,1030.0,1723.0
2024-02-25 02:51:15.368368,hn_03-09,1030.0,1723.0
2024-02-25 02:51:22.717717,hn_03-09,1030.0,1723.0
2024-02-25 02:51:29.959959,hn_03-09,1030.0,1723.0
2024-02-25 02:51:37.206206,hn_03-09,1030.0,1723.0
2024-02-25 02:51:44.412412,hn_03-09,1030.0,1723.0
2024-02-25 02:51:51.697697,hn_03-09,1030.0,1723.0
2024-02-25 02:51:58.978978,hn_03-09,1030.0,1723.0
2024-02-25 02:52:06.341341,hn_03-09,1030.0,1723.0
2024-02-25 02:52:13.686800,hn_03-09,1030.0,1723.0
2024-02-25 02:52:21.003003,hn_03-09,1030.0,1723.0
2024-02-25 02:52:28.269269,hn_03-09,1030.0,1723.0
2024-02-25 02:52:35.531531,hn_03-09,1030.0,1723.0
2024-02-25 02:52:42.851851,hn_03-09,1030.0,1723.0
2024-02-25 02:52:50.196196,hn_03-09,1030.0,1723.0
2024-02-25 02:52:57.518518,hn_03-09,1030.0,1723.0
2024-02-25 02:53:04.814814,hn_03-09,1030.0,1723.0
2024-02-25 02:53:12.014014,hn_03-09,1030.0,1723.0
2024-02-25 02:53:19.211211,hn_03-09,1030.0,1723.0
2024-02-25 02:53:26.544544,hn_03-09,1030.0,1723.0
2024-02-25 02:53:33.817817,hn_03-09,1030.0,1723.0
2024-02-25 02:53:41.064064,hn_03-09,1030.0,1723.0
2024-02-25 02:53:48.391391,hn_03-09,1030.0,1723.0
2024-02-25 02:53:55.723723,hn_03-09,1030.0,1723.0
2024-02-25 02:54:02.948948,hn_03-09,1030.0,1723.0
2024-02-25 02:54:10.312312,hn_03-09,1030.0,1723.0
2024-02-25 02:54:17.612612,hn_03-09,1030.0,1723.0
2024-02-25 02:54:24.898898,hn_03-09,1030.0,1723.0
2024-02-25 02:54:32.191191,hn_03-09,1030.0,1723.0
2024-02-25 02:54:39.475475,hn_03-09,1030.0,1723.0
2024-02-25 02:54:46.783783,hn_03-09,1030.0,1723.0
2024-02-25 02:54:54.085085,hn_03-09,1030.0,1723.0
2024-02-25 02:55:01.416416,hn_03-09,1030.0,1723.0
2024-02-25 02:55:08.665665,hn_03-09,1030.0,1723.0
2024-02-25 02:55:16.183183,hn_03-09,1030.0,1723.0
2024-02-25 02:55:23.605605,hn_03-09,1030.0,1723.0
2024-02-25 02:55:31.416416,hn_03-09,1030.0,1723.0
2024-02-25 02:55:39.114114,hn_03-09,1030.0,1723.0
2024-02-25 02:55:46.656500,hn_03-09,1030.0,1723.0
2024-02-25 02:55:54.036036,hn_03-09,1030.0,1723.0
2024-02-25 02:56:01.316316,hn_03-09,1030.0,1723.0
2024-02-25 02:56:08.604604,hn_03-09,1030.0,1723.0
2024-02-25 02:56:15.895895,hn_03-09,1030.0,1723.0
2024-02-25 02:56:23.272272,hn_03-09,1030.0,1723.0
2024-02-25 02:56:30.608608,hn_03-09,1030.0,1723.0
2024-02-25 02:56:37.899899,hn_03-09,1030.0,1723.0
2024-02-25 02:56:45.161161,hn_03-09,1030.0,1723.0
2024-02-25 02:56:52.492492,hn_03-09,1030.0,1723.0
2024-02-25 02:56:59.828828,hn_03-09,1030.0,1723.0
2024-02-25 02:57:07.116116,hn_03-09,1030.0,1723.0
2024-02-25 02:57:14.379379,hn_03-09,1030.0,1723.0
2024-02-25 02:57:21.616100,hn_03-09,1030.0,1723.0
2024-02-25 02:57:28.868868,hn_03-09,1030.0,1723.0
2024-02-25 02:57:36.223223,hn_03-09,1030.0,1723.0
2024-02-25 02:57:43.557557,hn_03-09,1030.0,1723.0
2024-02-25 02:57:50.824824,hn_03-09,1030.0,1723.0
2024-02-25 02:57:58.123123,hn_03-09,1030.0,1723.0
2024-02-25 02:58:05.398398,hn_03-09,1030.0,1723.0
2024-02-25 02:58:12.751751,hn_03-09,1030.0,1723.0
2024-02-25 02:58:20.139139,hn_03-09,1030.0,1723.0
2024-02-25 02:58:27.431431,hn_03-09,1030.0,1723.0
2024-02-25 02:58:34.773773,hn_03-09,1030.0,1723.0
2024-02-25 02:58:42.068068,hn_03-09,1030.0,1723.0
2024-02-25 02:58:49.392392,hn_03-09,1030.0,1723.0
2024-02-25 02:58:56.766766,hn_03-09,1030.0,1723.0
2024-02-25 02:59:04.092092,hn_03-09,1030.0,1723.0
2024-02-25 02:59:11.529529,hn_03-09,1030.0,1723.0
2024-02-25 02:59:18.881881,hn_03-09,1030.0,1723.0
2024-02-25 02:59:26.202202,hn_03-09,1030.0,1723.0
2024-02-25 02:59:33.544544,hn_03-09,1030.0,1723.0
2024-02-25 02:59:40.807807,hn_03-09,1030.0,1723.0
2024-02-25 02:59:48.156156,hn_03-09,1030.0,1723.0
2024-02-25 02:59:55.419419,hn_03-09,1030.0,1723.0
2024-02-25 03:00:02.698698,hn_03-09,1030.0,1723.0
2024-02-25 03:00:10.001001,hn_03-09,1030.0,1723.0
2024-02-25 03:00:17.254254,hn_03-09,1030.0,1723.0
2024-02-25 03:00:24.517517,hn_03-09,1030.0,1723.0
2024-02-25 03:00:31.778778,hn_03-09,1030.0,1723.0
2024-02-25 03:00:39.067067,hn_03-09,1030.0,1723.0
2024-02-25 03:00:46.365365,hn_03-09,1030.0,1723.0
2024-02-25 03:00:53.624624,hn_03-09,1030.0,1723.0
2024-02-25 03:01:00.888800,hn_03-09,1030.0,1723.0
2024-02-25 03:01:08.182182,hn_03-09,1030.0,1723.0
2024-02-25 03:01:15.487487,hn_03-09,1030.0,1723.0
2024-02-25 03:01:22.811811,hn_03-09,1030.0,1723.0
2024-02-25 03:01:30.162162,hn_03-09,1030.0,1723.0
2024-02-25 03:01:37.467467,hn_03-09,1030.0,1723.0
2024-02-25 03:01:44.848400,hn_03-09,1030.0,1723.0
2024-02-25 03:01:52.151151,hn_03-09,1030.0,1723.0
2024-02-25 03:01:59.384384,hn_03-09,1030.0,1723.0
2024-02-25 03:02:06.763763,hn_03-09,1030.0,1723.0
2024-02-25 03:02:14.131300,hn_03-09,1030.0,1723.0
2024-02-25 03:02:21.488488,hn_03-09,1030.0,1723.0
2024-02-25 03:02:28.855855,hn_03-09,1030.0,1723.0
2024-02-25 03:02:36.264264,hn_03-09,1030.0,1723.0
2024-02-25 03:02:43.674674,hn_03-09,1030.0,1723.0
2024-02-25 03:02:50.942942,hn_03-09,1030.0,1723.0
2024-02-25 03:02:58.209209,hn_03-09,1030.0,1723.0
2024-02-25 03:03:05.554554,hn_03-09,1030.0,1723.0
2024-02-25 03:03:12.869869,hn_03-09,1030.0,1723.0
2024-02-25 03:03:20.234234,hn_03-09,1030.0,1723.0
2024-02-25 03:03:27.581581,hn_03-09,1030.0,1723.0
2024-02-25 03:03:34.927927,hn_03-09,1030.0,1723.0
2024-02-25 03:03:42.266266,hn_03-09,1030.0,1723.0
2024-02-25 03:03:49.602602,hn_03-09,1030.0,1723.0
2024-02-25 03:03:56.819819,hn_03-09,1030.0,1723.0
2024-02-25 03:04:04.107107,hn_03-09,1030.0,1723.0
2024-02-25 03:04:11.418418,hn_03-09,1030.0,1723.0
2024-02-25 03:04:18.778778,hn_03-09,1030.0,1723.0
2024-02-25 03:04:25.975975,hn_03-09,1030.0,1723.0
2024-02-25 03:04:33.251251,hn_03-09,1030.0,1723.0
2024-02-25 03:04:40.586586,hn_03-09,1030.0,1723.0
2024-02-25 03:04:47.862862,hn_03-09,1030.0,1723.0
2024-02-25 03:04:55.177177,hn_03-09,1030.0,1723.0
2024-02-25 03:05:02.535300,hn_03-09,1030.0,1723.0
2024-02-25 03:05:09.888800,hn_03-09,1030.0,1723.0
2024-02-25 03:05:17.136136,hn_03-09,1030.0,1723.0
2024-02-25 03:05:24.346346,hn_03-09,1030.0,1723.0
2024-02-25 03:05:31.696900,hn_03-09,1030.0,1723.0
2024-02-25 03:05:39.064064,hn_03-09,1030.0,1723.0
2024-02-25 03:05:46.387387,hn_03-09,1030.0,1723.0
2024-02-25 03:05:53.735735,hn_03-09,1030.0,1723.0
2024-02-25 03:06:01.018018,hn_03-09,1030.0,1723.0
2024-02-25 03:06:08.365365,hn_03-09,1030.0,1723.0
2024-02-25 03:06:15.725725,hn_03-09,1030.0,1723.0
2024-02-25 03:06:23.046046,hn_03-09,1030.0,1723.0
2024-02-25 03:06:30.313313,hn_03-09,1030.0,1723.0
2024-02-25 03:06:37.565600,hn_03-09,1030.0,1723.0
2024-02-25 03:06:44.857857,hn_03-09,1030.0,1723.0
2024-02-25 03:06:52.173173,hn_03-09,1030.0,1723.0
2024-02-25 03:06:59.436436,hn_03-09,1030.0,1723.0
2024-02-25 03:07:06.803803,hn_03-09,1030.0,1723.0
2024-02-25 03:07:14.109109,hn_03-09,1030.0,1723.0
2024-02-25 03:07:21.399399,hn_03-09,1030.0,1723.0
2024-02-25 03:07:28.689689,hn_03-09,1030.0,1723.0
2024-02-25 03:07:35.945945,hn_03-09,1030.0,1723.0
2024-02-25 03:07:43.182182,hn_03-09,1030.0,1723.0
2024-02-25 03:07:50.439439,hn_03-09,1030.0,1723.0
2024-02-25 03:07:57.655655,hn_03-09,1030.0,1723.0
2024-02-25 03:08:04.982982,hn_03-09,1030.0,1723.0
2024-02-25 03:08:12.251251,hn_03-09,1030.0,1723.0
2024-02-25 03:08:19.659659,hn_03-09,1030.0,1723.0
2024-02-25 03:08:26.952952,hn_03-09,1030.0,1723.0
2024-02-25 03:08:34.293293,hn_03-09,1030.0,1723.0
2024-02-25 03:08:41.554554,hn_03-09,1030.0,1723.0
2024-02-25 03:08:48.828200,hn_03-09,1030.0,1723.0
2024-02-25 03:08:56.070700,hn_03-09,1030.0,1723.0
2024-02-25 03:09:03.440000,hn_03-09,1030.0,1723.0
2024-02-25 03:09:10.742742,hn_03-09,1030.0,1723.0
2024-02-25 03:09:18.058058,hn_03-09,1030.0,1723.0
2024-02-25 03:09:25.389389,hn_03-09,1030.0,1723.0
2024-02-25 03:09:32.751751,hn_03-09,1030.0,1723.0
2024-02-25 03:09:40.044044,hn_03-09,1030.0,1723.0
2024-02-25 03:09:47.363363,hn_03-09,1030.0,1723.0
2024-02-25 03:09:54.655655,hn_03-09,1030.0,1723.0
2024-02-25 03:10:01.891891,hn_03-09,1030.0,1723.0
2024-02-25 03:10:09.161161,hn_03-09,1030.0,1723.0
2024-02-25 03:10:16.462462,hn_03-09,1030.0,1723.0
2024-02-25 03:10:23.739739,hn_03-09,1030.0,1723.0
2024-02-25 03:10:30.986986,hn_03-09,1030.0,1723.0
2024-02-25 03:10:38.288288,hn_03-09,1030.0,1723.0
2024-02-25 03:10:45.545400,hn_03-09,1030.0,1723.0
2024-02-25 03:10:52.763763,hn_03-09,1030.0,1723.0
2024-02-25 03:11:00.041041,hn_03-09,1030.0,1723.0
2024-02-25 03:11:07.231231,hn_03-09,1030.0,1723.0
2024-02-25 03:11:14.528528,hn_03-09,1030.0,1723.0
2024-02-25 03:11:21.789789,hn_03-09,1030.0,1723.0
2024-02-25 03:11:29.091091,hn_03-09,1030.0,1723.0
2024-02-25 03:11:36.343343,hn_03-09,1030.0,1723.0
2024-02-25 03:11:43.655655,hn_03-09,1030.0,1723.0
2024-02-25 03:11:50.903903,hn_03-09,1030.0,1723.0
2024-02-25 03:11:58.084084,hn_03-09,1030.0,1723.0
2024-02-25 03:12:05.376376,hn_03-09,1030.0,1723.0
2024-02-25 03:12:12.667667,hn_03-09,1030.0,1723.0
2024-02-25 03:12:19.901901,hn_03-09,1030.0,1723.0
2024-02-25 03:12:27.157157,hn_03-09,1030.0,1723.0
2024-02-25 03:12:34.396396,hn_03-09,1030.0,1723.0
2024-02-25 03:12:41.647647,hn_03-09,1033.6,1728.6
2024-02-25 03:12:48.949400,hn_03-09,1030.0,1723.0
2024-02-25 03:12:56.242242,hn_03-09,1030.0,1723.0
2024-02-25 03:13:04.238238,hn_03-09,1030.0,1723.0
2024-02-25 03:13:11.511511,hn_03-09,1030.0,1723.0
2024-02-25 03:13:18.754754,hn_03-09,1030.0,1723.0
2024-02-25 03:13:26.047047,hn_03-09,1030.0,1723.0
2024-02-25 03:13:33.338338,hn_03-09,1030.0,1723.0
2024-02-25 03:13:40.598598,hn_03-09,1030.0,1723.0
2024-02-25 03:13:47.858858,hn_03-09,1030.0,1723.0
2024-02-25 03:13:55.109109,hn_03-09,1030.0,1723.0
2024-02-25 03:14:02.377377,hn_03-09,1030.0,1723.0
2024-02-25 03:14:09.666666,hn_03-09,1030.0,1723.0
2024-02-25 03:14:16.929929,hn_03-09,1030.0,1723.0
2024-02-25 03:14:24.232300,hn_03-09,1030.0,1723.0
2024-02-25 03:14:31.575700,hn_03-09,1030.0,1723.0
2024-02-25 03:14:38.866866,hn_03-09,1030.0,1723.0
2024-02-25 03:14:46.176176,hn_03-09,1030.0,1723.0
2024-02-25 03:14:53.379379,hn_03-09,1030.0,1723.0
2024-02-25 03:15:00.669669,hn_03-09,1030.0,1723.0
2024-02-25 03:15:07.983983,hn_03-09,1030.0,1723.0
2024-02-25 03:15:15.251251,hn_03-09,1030.0,1723.0
2024-02-25 03:15:22.497497,hn_03-09,1030.0,1723.0
2024-02-25 03:15:29.816816,hn_03-09,1030.0,1723.0
2024-02-25 03:15:37.161161,hn_03-09,1030.0,1723.0
2024-02-25 03:15:44.459459,hn_03-09,1030.0,1723.0
2024-02-25 03:15:51.735735,hn_03-09,1030.0,1723.0
2024-02-25 03:15:59.049049,hn_03-09,1030.0,1723.0
2024-02-25 03:16:06.371371,hn_03-09,1030.0,1723.0
2024-02-25 03:16:13.716716,hn_03-09,1030.0,1723.0
2024-02-25 03:16:21.065065,hn_03-09,1030.0,1723.0
2024-02-25 03:16:28.315315,hn_03-09,1030.0,1723.0
2024-02-25 03:16:35.651651,hn_03-09,1030.0,1723.0
2024-02-25 03:16:42.986986,hn_03-09,1030.0,1723.0
2024-02-25 03:16:50.318318,hn_03-09,1030.0,1723.0
2024-02-25 03:16:57.624624,hn_03-09,1030.0,1723.0
2024-02-25 03:17:04.942942,hn_03-09,1030.0,1723.0
2024-02-25 03:17:12.278278,hn_03-09,1030.0,1723.0
2024-02-25 03:17:19.563563,hn_03-09,1030.0,1723.0
2024-02-25 03:17:26.738738,hn_03-09,1030.0,1723.0
2024-02-25 03:17:33.941941,hn_03-09,1030.0,1723.0
2024-02-25 03:17:41.161161,hn_03-09,1030.0,1723.0
2024-02-25 03:17:48.428428,hn_03-09,1030.0,1723.0
2024-02-25 03:17:55.689689,hn_03-09,1030.0,1723.0
2024-02-25 03:18:02.996996,hn_03-09,1030.0,1723.0
2024-02-25 03:18:10.183183,hn_03-09,1030.0,1723.0
2024-02-25 03:18:17.441441,hn_03-09,1030.0,1723.0
2024-02-25 03:18:24.733733,hn_03-09,1030.0,1723.0
2024-02-25 03:18:32.075075,hn_03-09,1030.0,1723.0
2024-02-25 03:18:39.348348,hn_03-09,1030.0,1723.0
2024-02-25 03:18:46.525525,hn_03-09,1030.0,1723.0
2024-02-25 03:18:53.769769,hn_03-09,1030.0,1723.0
2024-02-25 03:19:01.074074,hn_03-09,1030.0,1723.0
2024-02-25 03:19:08.436436,hn_03-09,1030.0,1723.0
2024-02-25 03:19:16.268268,hn_03-09,1030.0,1723.0
2024-02-25 03:19:23.558558,hn_03-09,1030.0,1723.0
2024-02-25 03:19:30.835835,hn_03-09,1030.0,1723.0
2024-02-25 03:19:38.139139,hn_03-09,1030.0,1723.0
2024-02-25 03:19:45.415415,hn_03-09,1030.0,1723.0
2024-02-25 03:19:52.627627,hn_03-09,1030.0,1723.0
2024-02-25 03:19:59.872872,hn_03-09,1030.0,1723.0
2024-02-25 03:20:07.193193,hn_03-09,1030.0,1723.0
2024-02-25 03:20:14.414100,hn_03-09,1030.0,1723.0
2024-02-25 03:20:21.689689,hn_03-09,1030.0,1723.0
2024-02-25 03:20:28.984984,hn_03-09,1030.0,1723.0
2024-02-25 03:20:36.191191,hn_03-09,1030.0,1723.0
2024-02-25 03:20:43.448448,hn_03-09,1030.0,1723.0
2024-02-25 03:20:50.711711,hn_03-09,1030.0,1723.0
2024-02-25 03:20:57.996996,hn_03-09,1030.0,1723.0
2024-02-25 03:21:05.274274,hn_03-09,1030.0,1723.0
2024-02-25 03:21:12.568568,hn_03-09,1030.0,1723.0
2024-02-25 03:21:19.778778,hn_03-09,1030.0,1723.0
2024-02-25 03:21:27.121121,hn_03-09,1030.0,1723.0
2024-02-25 03:21:34.382382,hn_03-09,1030.0,1723.0
2024-02-25 03:21:41.668668,hn_03-09,1033.0,1746.5
2024-02-25 03:21:49.025025,hn_03-09,1030.0,1723.0
2024-02-25 03:21:56.355355,hn_03-09,1030.0,1723.0
2024-02-25 03:22:03.656656,hn_03-09,1030.0,1723.0
2024-02-25 03:22:10.988988,hn_03-09,1030.0,1723.0
2024-02-25 03:22:18.282282,hn_03-09,1030.0,1723.0
2024-02-25 03:22:25.553553,hn_03-09,1030.0,1723.0
2024-02-25 03:22:32.826826,hn_03-09,1030.0,1723.0
2024-02-25 03:22:40.121200,hn_03-09,1030.0,1723.0
2024-02-25 03:22:47.399399,hn_03-09,1030.0,1723.0
2024-02-25 03:22:54.753753,hn_03-09,1030.0,1723.0
2024-02-25 03:23:02.026026,hn_03-09,1030.0,1723.0
2024-02-25 03:23:09.358358,hn_03-09,1030.0,1723.0
2024-02-25 03:23:16.572572,hn_03-09,1030.0,1723.0
2024-02-25 03:23:23.863863,hn_03-09,1030.0,1723.0
2024-02-25 03:23:31.089089,hn_03-09,1030.0,1723.0
2024-02-25 03:23:38.372372,hn_03-09,1030.0,1723.0
2024-02-25 03:23:45.658658,hn_03-09,1030.0,1723.0
2024-02-25 03:23:52.917917,hn_03-09,1030.0,1723.0
2024-02-25 03:24:00.181800,hn_03-09,1030.0,1723.0
2024-02-25 03:24:07.465465,hn_03-09,1030.0,1723.0
2024-02-25 03:24:14.722722,hn_03-09,1030.0,1723.0
2024-02-25 03:24:22.043043,hn_03-09,1030.0,1723.0
2024-02-25 03:24:29.354354,hn_03-09,1030.0,1723.0
2024-02-25 03:24:36.654654,hn_03-09,1030.0,1723.0
2024-02-25 03:24:44.171700,hn_03-09,1030.0,1723.0
2024-02-25 03:24:51.476476,hn_03-09,1030.0,1723.0
2024-02-25 03:24:58.747400,hn_03-09,1030.0,1723.0
2024-02-25 03:25:06.068068,hn_03-09,1030.0,1723.0
2024-02-25 03:25:13.321321,hn_03-09,1030.0,1723.0
2024-02-25 03:25:20.571571,hn_03-09,1030.0,1723.0
2024-02-25 03:25:27.753753,hn_03-09,1030.0,1723.0
2024-02-25 03:25:34.948948,hn_03-09,1030.0,1723.0
2024-02-25 03:25:42.247247,hn_03-09,1030.0,1723.0
2024-02-25 03:25:49.527527,hn_03-09,1030.0,1723.0
2024-02-25 03:25:56.815815,hn_03-09,1030.0,1723.0
2024-02-25 03:26:03.995995,hn_03-09,1030.0,1723.0
2024-02-25 03:26:11.262262,hn_03-09,1030.0,1723.0
2024-02-25 03:26:18.660000,hn_03-09,1030.0,1723.0
2024-02-25 03:26:25.911911,hn_03-09,1033.5,1754.0
2024-02-25 03:26:33.191191,hn_03-09,1030.0,1723.0
2024-02-25 03:26:40.477477,hn_03-09,1030.0,1723.0
2024-02-25 03:26:47.679679,hn_03-09,1030.0,1723.0
2024-02-25 03:26:54.881881,hn_03-09,1069.5,1726.0
2024-02-25 03:27:02.197197,hn_03-09,1030.0,1723.0
2024-02-25 03:27:09.506506,hn_03-09,1030.0,1723.0
2024-02-25 03:27:16.715715,hn_03-09,1030.0,1723.0
2024-02-25 03:27:23.952952,hn_03-09,1030.0,1723.0
2024-02-25 03:27:31.119119,hn_03-09,1030.0,1723.0
2024-02-25 03:27:38.408408,hn_03-09,1030.0,1723.0
2024-02-25 03:27:45.666666,hn_03-09,1030.0,1723.0
2024-02-25 03:27:52.969600,hn_03-09,1030.0,1723.0
2024-02-25 03:28:00.188188,hn_03-09,1030.0,1723.0
2024-02-25 03:28:07.502502,hn_03-09,1030.0,1723.0
2024-02-25 03:28:14.824824,hn_03-09,1030.0,1723.0
2024-02-25 03:28:22.097097,hn_03-09,1030.0,1723.0
2024-02-25 03:28:29.428428,hn_03-09,1030.0,1723.0
2024-02-25 03:28:36.703703,hn_03-09,1030.0,1723.0
2024-02-25 03:28:44.268268,hn_03-09,1030.0,1723.0
2024-02-25 03:28:51.476476,hn_03-09,1030.0,1723.0
2024-02-25 03:28:58.766766,hn_03-09,1030.0,1723.0
2024-02-25 03:29:05.974974,hn_03-09,1030.0,1723.0
2024-02-25 03:29:13.277277,hn_03-09,1030.0,1723.0
2024-02-25 03:29:20.584584,hn_03-09,1030.0,1723.0
2024-02-25 03:29:27.849849,hn_03-09,1030.0,1723.0
2024-02-25 03:29:35.188188,hn_03-09,1030.0,1723.0
2024-02-25 03:29:42.544544,hn_03-09,1030.0,1723.0
2024-02-25 03:29:49.851851,hn_03-09,1030.0,1723.0
2024-02-25 03:29:57.186186,hn_03-09,1030.0,1723.0
2024-02-25 03:30:04.441441,hn_03-09,1030.0,1723.0
2024-02-25 03:30:11.766766,hn_03-09,1030.0,1723.0
2024-02-25 03:30:19.048048,hn_03-09,1030.0,1723.0
2024-02-25 03:30:26.311311,hn_03-09,1030.0,1723.0
2024-02-25 03:30:33.585585,hn_03-09,1030.0,1723.0
2024-02-25 03:30:40.915915,hn_03-09,1030.0,1723.0
2024-02-25 03:30:48.099099,hn_03-09,1030.0,1723.0
2024-02-25 03:30:55.344344,hn_03-09,1030.0,1723.0
2024-02-25 03:31:02.656500,hn_03-09,1030.0,1723.0
2024-02-25 03:31:09.931931,hn_03-09,1030.0,1723.0
2024-02-25 03:31:17.202202,hn_03-09,1030.0,1723.0
2024-02-25 03:31:24.494900,hn_03-09,1030.0,1723.0
2024-02-25 03:31:31.751751,hn_03-09,1030.0,1723.0
2024-02-25 03:31:38.965965,hn_03-09,1030.0,1723.0
2024-02-25 03:31:46.178178,hn_03-09,1030.0,1723.0
2024-02-25 03:31:53.424200,hn_03-09,1030.0,1723.0
2024-02-25 03:32:00.641641,hn_03-09,1030.0,1723.0
2024-02-25 03:32:07.914914,hn_03-09,1030.0,1723.0
2024-02-25 03:32:15.168168,hn_03-09,1030.0,1723.0
2024-02-25 03:32:22.494494,hn_03-09,1030.0,1723.0
2024-02-25 03:32:29.696696,hn_03-09,1030.0,1723.0
2024-02-25 03:32:36.965965,hn_03-09,1030.0,1723.0
2024-02-25 03:32:44.202202,hn_03-09,1030.0,1723.0
2024-02-25 03:32:51.472472,hn_03-09,1030.0,1723.0
2024-02-25 03:32:58.717717,hn_03-09,1030.0,1723.0
2024-02-25 03:33:05.996996,hn_03-09,1030.0,1723.0
2024-02-25 03:33:13.330000,hn_03-09,1030.0,1723.0
2024-02-25 03:33:20.554554,hn_03-09,1030.0,1723.0
2024-02-25 03:33:27.821821,hn_03-09,1030.0,1723.0
2024-02-25 03:33:35.078078,hn_03-09,1030.0,1723.0
2024-02-25 03:33:42.336336,hn_03-09,1030.0,1723.0
2024-02-25 03:33:49.601601,hn_03-09,1030.0,1723.0
2024-02-25 03:33:56.862862,hn_03-09,1030.0,1723.0
2024-02-25 03:34:04.116116,hn_03-09,1030.0,1723.0
2024-02-25 03:34:11.408408,hn_03-09,1030.0,1723.0
2024-02-25 03:34:18.662662,hn_03-09,1030.0,1723.0
2024-02-25 03:34:25.899899,hn_03-09,1030.0,1723.0
2024-02-25 03:34:33.173173,hn_03-09,1030.0,1723.0
2024-02-25 03:34:40.449449,hn_03-09,1030.0,1723.0
2024-02-25 03:34:47.646646,hn_03-09,1030.0,1723.0
2024-02-25 03:34:54.942942,hn_03-09,1030.0,1723.0
2024-02-25 03:35:02.165165,hn_03-09,1030.0,1723.0
2024-02-25 03:35:09.489489,hn_03-09,1030.0,1723.0
2024-02-25 03:35:16.838300,hn_03-09,1030.0,1723.0
2024-02-25 03:35:24.244244,hn_03-09,1030.0,1723.0
2024-02-25 03:35:31.495495,hn_03-09,1030.0,1723.0
2024-02-25 03:35:38.914914,hn_03-09,1030.0,1723.0
2024-02-25 03:35:47.431431,hn_03-09,1030.0,1723.0
2024-02-25 03:35:54.894894,hn_03-09,1030.0,1723.0
2024-02-25 03:36:02.228228,hn_03-09,1030.0,1723.0
2024-02-25 03:36:09.457457,hn_03-09,1030.0,1723.0
2024-02-25 03:36:16.745745,hn_03-09,1030.0,1723.0
2024-02-25 03:36:24.007007,hn_03-09,1030.0,1723.0
2024-02-25 03:36:31.266266,hn_03-09,1030.0,1723.0
2024-02-25 03:36:38.562562,hn_03-09,1030.0,1723.0
2024-02-25 03:36:45.877877,hn_03-09,1030.0,1723.0
2024-02-25 03:36:53.169169,hn_03-09,1030.0,1723.0
2024-02-25 03:37:00.471471,hn_03-09,1030.0,1723.0
2024-02-25 03:37:07.732732,hn_03-09,1030.0,1723.0
2024-02-25 03:37:14.939300,hn_03-09,1030.0,1723.0
2024-02-25 03:37:22.206206,hn_03-09,1030.0,1723.0
2024-02-25 03:37:29.458458,hn_03-09,1030.0,1723.0
2024-02-25 03:37:36.639639,hn_03-09,1030.0,1723.0
2024-02-25 03:37:43.862862,hn_03-09,1030.0,1723.0
2024-02-25 03:37:51.043043,hn_03-09,1030.0,1723.0
2024-02-25 03:37:58.357357,hn_03-09,1030.0,1723.0
2024-02-25 03:38:05.677677,hn_03-09,1030.0,1723.0
2024-02-25 03:38:12.917917,hn_03-09,1030.0,1723.0
2024-02-25 03:38:20.408408,hn_03-09,1030.0,1723.0
2024-02-25 03:38:27.666600,hn_03-09,1030.0,1723.0
2024-02-25 03:38:34.916916,hn_03-09,1030.0,1723.0
2024-02-25 03:38:42.183183,hn_03-09,1030.0,1723.0
2024-02-25 03:38:49.391391,hn_03-09,1030.0,1723.0
2024-02-25 03:38:56.656500,hn_03-09,1030.0,1723.0
2024-02-25 03:39:03.924924,hn_03-09,1030.0,1723.0
2024-02-25 03:39:11.319319,hn_03-09,1030.0,1723.0
2024-02-25 03:39:18.559559,hn_03-09,1030.0,1723.0
2024-02-25 03:39:25.807807,hn_03-09,1030.0,1723.0
2024-02-25 03:39:33.087087,hn_03-09,1030.0,1723.0
2024-02-25 03:39:40.359359,hn_03-09,1030.0,1723.0
2024-02-25 03:39:47.646646,hn_03-09,1030.0,1723.0
2024-02-25 03:39:54.938938,hn_03-09,1030.0,1723.0
2024-02-25 03:40:02.201201,hn_03-09,1030.0,1723.0
2024-02-25 03:40:09.515515,hn_03-09,1030.0,1723.0
2024-02-25 03:40:16.861861,hn_03-09,1030.0,1723.0
2024-02-25 03:40:24.158158,hn_03-09,1030.0,1723.0
2024-02-25 03:40:31.463463,hn_03-09,1030.0,1723.0
2024-02-25 03:40:38.772772,hn_03-09,1030.0,1723.0
2024-02-25 03:40:46.029029,hn_03-09,1030.0,1723.0
2024-02-25 03:40:53.331331,hn_03-09,1030.0,1723.0
2024-02-25 03:41:00.681681,hn_03-09,1030.0,1723.0
2024-02-25 03:41:07.971971,hn_03-09,1030.0,1723.0
2024-02-25 03:41:15.249249,hn_03-09,1030.0,1723.0
2024-02-25 03:41:22.558558,hn_03-09,1030.0,1723.0
2024-02-25 03:41:29.804804,hn_03-09,1030.0,1723.0
2024-02-25 03:41:36.999999,hn_03-09,1030.0,1723.0
2024-02-25 03:41:44.317317,hn_03-09,1030.0,1723.0
2024-02-25 03:41:51.633633,hn_03-09,1030.0,1723.0
2024-02-25 03:41:58.925925,hn_03-09,1030.0,1723.0
2024-02-25 03:42:06.313100,hn_03-09,1030.0,1723.0
2024-02-25 03:42:13.621621,hn_03-09,1030.0,1723.0
2024-02-25 03:42:20.935935,hn_03-09,1030.0,1723.0
2024-02-25 03:42:28.253253,hn_03-09,1030.0,1723.0
2024-02-25 03:42:35.427427,hn_03-09,1030.0,1723.0
2024-02-25 03:42:42.676700,hn_03-09,1030.0,1723.0
2024-02-25 03:42:49.869869,hn_03-09,1030.0,1723.0
2024-02-25 03:42:57.102102,hn_03-09,1030.0,1723.0
2024-02-25 03:43:04.319319,hn_03-09,1030.0,1723.0
2024-02-25 03:43:11.646646,hn_03-09,1030.0,1723.0
2024-02-25 03:43:18.891891,hn_03-09,1030.0,1723.0
2024-02-25 03:43:26.127127,hn_03-09,1030.0,1723.0
2024-02-25 03:43:33.429429,hn_03-09,1030.0,1723.0
2024-02-25 03:43:40.691691,hn_03-09,1030.0,1723.0
2024-02-25 03:43:48.292292,hn_03-09,1030.0,1723.0
2024-02-25 03:43:55.568568,hn_03-09,1030.0,1723.0
2024-02-25 03:44:02.818100,hn_03-09,1030.0,1723.0
2024-02-25 03:44:10.005005,hn_03-09,1030.0,1723.0
2024-02-25 03:44:17.242400,hn_03-09,1030.0,1723.0
2024-02-25 03:44:24.525200,hn_03-09,1030.0,1723.0
2024-02-25 03:44:31.793793,hn_03-09,1030.0,1723.0
2024-02-25 03:44:39.040400,hn_03-09,1030.0,1723.0
2024-02-25 03:44:46.311311,hn_03-09,1030.0,1723.0
2024-02-25 03:44:53.481481,hn_03-09,1030.0,1723.0
2024-02-25 03:45:00.731731,hn_03-09,1030.0,1723.0
2024-02-25 03:45:07.976976,hn_03-09,1030.0,1723.0
2024-02-25 03:45:15.246246,hn_03-09,1030.0,1723.0
2024-02-25 03:45:22.509509,hn_03-09,1030.0,1723.0
2024-02-25 03:45:29.753753,hn_03-09,1030.0,1723.0
2024-02-25 03:45:37.058058,hn_03-09,1030.0,1723.0
2024-02-25 03:45:44.319319,hn_03-09,1030.0,1723.0
2024-02-25 03:45:51.646400,hn_03-09,1030.0,1723.0
2024-02-25 03:45:58.919100,hn_03-09,1030.0,1723.0
2024-02-25 03:46:06.191191,hn_03-09,1030.0,1723.0
2024-02-25 03:46:13.417417,hn_03-09,1030.0,1723.0
2024-02-25 03:46:20.652652,hn_03-09,1030.0,1723.0
2024-02-25 03:46:27.968968,hn_03-09,1030.0,1723.0
2024-02-25 03:46:35.232300,hn_03-09,1033.0,1738.5
2024-02-25 03:46:42.477477,hn_03-09,1030.0,1723.0
2024-02-25 03:46:49.754754,hn_03-09,1030.0,1723.0
2024-02-25 03:46:57.010100,hn_03-09,1030.0,1723.0
2024-02-25 03:47:04.279279,hn_03-09,1030.0,1723.0
2024-02-25 03:47:11.597597,hn_03-09,1030.0,1723.0
2024-02-25 03:47:18.881881,hn_03-09,1030.0,1723.0
2024-02-25 03:47:26.171700,hn_03-09,1030.0,1723.0
2024-02-25 03:47:33.513513,hn_03-09,1030.0,1723.0
2024-02-25 03:47:40.774774,hn_03-09,1030.0,1723.0
2024-02-25 03:47:48.032032,hn_03-09,1030.0,1723.0
2024-02-25 03:47:55.283283,hn_03-09,1030.0,1723.0
2024-02-25 03:48:02.616100,hn_03-09,1030.0,1723.0
2024-02-25 03:48:09.901901,hn_03-09,1030.0,1723.0
2024-02-25 03:48:17.226226,hn_03-09,1030.0,1723.0
2024-02-25 03:48:24.549549,hn_03-09,1030.0,1723.0
2024-02-25 03:48:31.778778,hn_03-09,1030.0,1723.0
2024-02-25 03:48:39.053053,hn_03-09,1030.0,1723.0
2024-02-25 03:48:46.241241,hn_03-09,1030.0,1723.0
2024-02-25 03:48:53.424200,hn_03-09,1030.0,1723.0
2024-02-25 03:49:00.688688,hn_03-09,1030.0,1723.0
2024-02-25 03:49:07.991991,hn_03-09,1030.0,1723.0
2024-02-25 03:49:15.263263,hn_03-09,1030.0,1723.0
2024-02-25 03:49:22.554554,hn_03-09,1030.0,1723.0
2024-02-25 03:49:29.768768,hn_03-09,1030.0,1723.0
2024-02-25 03:49:36.995995,hn_03-09,1030.0,1723.0
2024-02-25 03:49:44.215215,hn_03-09,1030.0,1723.0
2024-02-25 03:49:51.485485,hn_03-09,1030.0,1723.0
2024-02-25 03:49:58.768768,hn_03-09,1030.0,1723.0
2024-02-25 03:50:06.087087,hn_03-09,1030.0,1723.0
2024-02-25 03:50:13.326326,hn_03-09,1030.0,1723.0
2024-02-25 03:50:20.634634,hn_03-09,1030.0,1723.0
2024-02-25 03:50:27.943943,hn_03-09,1030.0,1723.0
2024-02-25 03:50:35.199199,hn_03-09,1030.0,1723.0
2024-02-25 03:50:42.534534,hn_03-09,1030.0,1723.0
2024-02-25 03:50:49.803803,hn_03-09,1030.0,1723.0
2024-02-25 03:50:57.446446,hn_03-09,1030.0,1723.0
2024-02-25 03:51:04.806806,hn_03-09,1030.0,1723.0
2024-02-25 03:51:12.069069,hn_03-09,1030.0,1723.0
2024-02-25 03:51:19.223223,hn_03-09,1030.0,1723.0
2024-02-25 03:51:26.550000,hn_03-09,1030.0,1723.0
2024-02-25 03:51:33.813813,hn_03-09,1030.0,1723.0
2024-02-25 03:51:41.134134,hn_03-09,1030.0,1723.0
2024-02-25 03:51:48.385385,hn_03-09,1030.0,1723.0
2024-02-25 03:51:55.624624,hn_03-09,1030.0,1723.0
2024-02-25 03:52:02.948948,hn_03-09,1030.0,1723.0
2024-02-25 03:52:10.236236,hn_03-09,1030.0,1723.0
2024-02-25 03:52:17.496496,hn_03-09,1030.0,1723.0
2024-02-25 03:52:24.781781,hn_03-09,1030.0,1723.0
2024-02-25 03:52:31.999999,hn_03-09,1030.0,1723.0
2024-02-25 03:52:39.277277,hn_03-09,1030.0,1723.0
2024-02-25 03:52:46.588588,hn_03-09,1030.0,1723.0
2024-02-25 03:52:53.909909,hn_03-09,1030.0,1723.0
2024-02-25 03:53:01.144144,hn_03-09,1030.0,1723.0
2024-02-25 03:53:08.435435,hn_03-09,1030.0,1723.0
2024-02-25 03:53:15.725725,hn_03-09,1030.0,1723.0
2024-02-25 03:53:23.048048,hn_03-09,1030.0,1723.0
2024-02-25 03:53:30.395395,hn_03-09,1030.0,1723.0
2024-02-25 03:53:37.692692,hn_03-09,1030.0,1723.0
2024-02-25 03:53:45.014014,hn_03-09,1030.0,1723.0
2024-02-25 03:53:52.392392,hn_03-09,1030.0,1723.0
2024-02-25 03:53:59.617617,hn_03-09,1030.0,1723.0
2024-02-25 03:54:06.896896,hn_03-09,1030.0,1723.0
2024-02-25 03:54:14.123123,hn_03-09,1030.0,1723.0
2024-02-25 03:54:21.373373,hn_03-09,1030.0,1723.0
2024-02-25 03:54:28.689689,hn_03-09,1030.0,1723.0
2024-02-25 03:54:36.038038,hn_03-09,1030.0,1723.0
2024-02-25 03:54:43.354354,hn_03-09,1030.0,1723.0
2024-02-25 03:54:50.617617,hn_03-09,1030.0,1723.0
2024-02-25 03:54:57.906906,hn_03-09,1030.0,1723.0
2024-02-25 03:55:05.199199,hn_03-09,1030.0,1723.0
2024-02-25 03:55:12.475475,hn_03-09,1030.0,1723.0
2024-02-25 03:55:19.717717,hn_03-09,1030.0,1723.0
2024-02-25 03:55:27.069069,hn_03-09,1030.0,1723.0
2024-02-25 03:55:34.363600,hn_03-09,1030.0,1723.0
2024-02-25 03:55:41.712712,hn_03-09,1030.0,1723.0
2024-02-25 03:55:49.035035,hn_03-09,1030.0,1723.0
2024-02-25 03:55:56.254254,hn_03-09,1030.0,1723.0
2024-02-25 03:56:03.489489,hn_03-09,1030.0,1723.0
2024-02-25 03:56:10.883883,hn_03-09,1030.0,1723.0
2024-02-25 03:56:18.622622,hn_03-09,1030.0,1723.0
2024-02-25 03:56:26.466466,hn_03-09,1030.0,1723.0
2024-02-25 03:56:33.697697,hn_03-09,1030.0,1723.0
2024-02-25 03:56:40.986986,hn_03-09,1030.0,1723.0
2024-02-25 03:56:48.213213,hn_03-09,1030.0,1723.0
2024-02-25 03:56:55.468468,hn_03-09,1030.0,1723.0
2024-02-25 03:57:02.747400,hn_03-09,1030.0,1723.0
2024-02-25 03:57:09.939939,hn_03-09,1030.0,1723.0
2024-02-25 03:57:17.225225,hn_03-09,1030.0,1723.0
2024-02-25 03:57:24.578578,hn_03-09,1030.0,1723.0
2024-02-25 03:57:31.929929,hn_03-09,1030.0,1723.0
2024-02-25 03:57:39.218218,hn_03-09,1030.0,1723.0
2024-02-25 03:57:46.536536,hn_03-09,1030.0,1723.0
2024-02-25 03:57:53.788788,hn_03-09,1030.0,1723.0
2024-02-25 03:58:01.061061,hn_03-09,1030.0,1723.0
2024-02-25 03:58:08.264264,hn_03-09,1030.0,1723.0
2024-02-25 03:58:15.545545,hn_03-09,1030.0,1723.0
2024-02-25 03:58:22.832832,hn_03-09,1030.0,1723.0
2024-02-25 03:58:30.050500,hn_03-09,1030.0,1723.0
2024-02-25 03:58:37.359359,hn_03-09,1030.0,1723.0
2024-02-25 03:58:44.654654,hn_03-09,1030.0,1723.0
2024-02-25 03:58:51.897897,hn_03-09,1030.0,1723.0
2024-02-25 03:58:59.191191,hn_03-09,1030.0,1723.0
2024-02-25 03:59:06.488488,hn_03-09,1030.0,1723.0
2024-02-25 03:59:13.757500,hn_03-09,1030.0,1723.0
2024-02-25 03:59:20.961961,hn_03-09,1030.0,1723.0
2024-02-25 03:59:28.211211,hn_03-09,1030.0,1723.0
2024-02-25 03:59:35.464464,hn_03-09,1030.0,1723.0
2024-02-25 03:59:42.786786,hn_03-09,1030.0,1723.0
2024-02-25 03:59:50.014014,hn_03-09,1030.0,1723.0
2024-02-25 03:59:57.303303,hn_03-09,1030.0,1723.0
2024-02-25 04:00:04.568568,hn_03-09,1030.0,1723.0
2024-02-25 04:00:11.827827,hn_03-09,1030.0,1723.0
2024-02-25 04:00:19.028028,hn_03-09,1030.0,1723.0
2024-02-25 04:00:26.348348,hn_03-09,1030.0,1723.0
2024-02-25 04:00:33.636300,hn_03-09,1030.0,1723.0
2024-02-25 04:00:40.903903,hn_03-09,1030.0,1723.0
2024-02-25 04:00:48.254254,hn_03-09,1030.0,1723.0
2024-02-25 04:00:55.545400,hn_03-09,1030.0,1723.0
2024-02-25 04:01:02.822822,hn_03-09,1030.0,1723.0
2024-02-25 04:01:10.121200,hn_03-09,1030.0,1723.0
2024-02-25 04:01:17.394394,hn_03-09,1030.0,1723.0
2024-02-25 04:01:24.724724,hn_03-09,1030.0,1723.0
2024-02-25 04:01:31.997997,hn_03-09,1030.0,1723.0
2024-02-25 04:01:39.273273,hn_03-09,1056.5,1780.5
2024-02-25 04:01:46.535535,hn_03-09,1033.0,1770.5
2024-02-25 04:01:53.827827,hn_03-09,1030.0,1723.0
2024-02-25 04:02:01.087087,hn_03-09,1030.0,1723.0
2024-02-25 04:02:08.367367,hn_03-09,1030.0,1723.0
2024-02-25 04:02:15.661661,hn_03-09,1030.0,1723.0
2024-02-25 04:02:23.174174,hn_03-09,1030.0,1723.0
2024-02-25 04:02:30.488488,hn_03-09,1030.0,1723.0
2024-02-25 04:02:37.829829,hn_03-09,1030.0,1723.0
2024-02-25 04:02:45.216216,hn_03-09,1030.0,1723.0
2024-02-25 04:02:52.528528,hn_03-09,1030.0,1723.0
2024-02-25 04:02:59.875875,hn_03-09,1030.0,1723.0
2024-02-25 04:03:07.243243,hn_03-09,1030.0,1723.0
2024-02-25 04:03:14.621621,hn_03-09,1030.0,1723.0
2024-02-25 04:03:21.936936,hn_03-09,1030.0,1723.0
2024-02-25 04:03:29.182182,hn_03-09,1030.0,1723.0
2024-02-25 04:03:36.475475,hn_03-09,1030.0,1723.0
2024-02-25 04:03:43.657657,hn_03-09,1030.0,1723.0
2024-02-25 04:03:50.861861,hn_03-09,1030.0,1723.0
2024-02-25 04:03:58.145145,hn_03-09,1030.0,1723.0
2024-02-25 04:04:05.471471,hn_03-09,1030.0,1723.0
2024-02-25 04:04:12.794794,hn_03-09,1030.0,1723.0
2024-02-25 04:04:20.058058,hn_03-09,1030.0,1723.0
2024-02-25 04:04:27.373700,hn_03-09,1030.0,1723.0
2024-02-25 04:04:34.569569,hn_03-09,1030.0,1723.0
2024-02-25 04:04:41.812812,hn_03-09,1030.0,1723.0
2024-02-25 04:04:49.018018,hn_03-09,1030.0,1723.0
2024-02-25 04:04:56.305305,hn_03-09,1030.0,1723.0
2024-02-25 04:05:03.517517,hn_03-09,1030.0,1723.0
2024-02-25 04:05:10.778778,hn_03-09,1030.0,1723.0
2024-02-25 04:05:18.006006,hn_03-09,1030.0,1723.0
2024-02-25 04:05:25.223223,hn_03-09,1030.0,1723.0
2024-02-25 04:05:32.495495,hn_03-09,1030.0,1723.0
2024-02-25 04:05:39.763763,hn_03-09,1030.0,1723.0
2024-02-25 04:05:47.039039,hn_03-09,1030.0,1723.0
2024-02-25 04:05:54.261261,hn_03-09,1030.0,1723.0
2024-02-25 04:06:01.566566,hn_03-09,1030.0,1723.0
2024-02-25 04:06:08.825825,hn_03-09,1030.0,1723.0
2024-02-25 04:06:16.182182,hn_03-09,1030.0,1723.0
2024-02-25 04:06:23.471471,hn_03-09,1030.0,1723.0
2024-02-25 04:06:30.667667,hn_03-09,1030.0,1723.0
2024-02-25 04:06:37.976976,hn_03-09,1030.0,1723.0
2024-02-25 04:06:45.271271,hn_03-09,1030.0,1723.0
2024-02-25 04:06:52.541541,hn_03-09,1030.0,1723.0
2024-02-25 04:06:59.832832,hn_03-09,1033.5,1726.0
2024-02-25 04:07:07.074074,hn_03-09,1030.0,1723.0
2024-02-25 04:07:14.323323,hn_03-09,1030.0,1723.0
2024-02-25 04:07:21.675675,hn_03-09,1030.0,1723.0
2024-02-25 04:07:28.885885,hn_03-09,1030.0,1723.0
2024-02-25 04:07:36.151500,hn_03-09,1030.0,1723.0
2024-02-25 04:07:43.449449,hn_03-09,1033.396,1767.149
2024-02-25 04:07:50.738738,hn_03-09,1030.0,1723.0
2024-02-25 04:07:57.967967,hn_03-09,1030.0,1723.0
2024-02-25 04:08:05.313100,hn_03-09,1030.0,1723.0
2024-02-25 04:08:12.641641,hn_03-09,1030.0,1723.0
2024-02-25 04:08:19.982982,hn_03-09,1030.0,1723.0
2024-02-25 04:08:27.308308,hn_03-09,1030.0,1723.0
2024-02-25 04:08:34.481481,hn_03-09,1030.0,1723.0
2024-02-25 04:08:41.691691,hn_03-09,1030.0,1723.0
2024-02-25 04:08:48.909909,hn_03-09,1030.0,1723.0
2024-02-25 04:08:56.205205,hn_03-09,1030.0,1723.0
2024-02-25 04:09:03.428428,hn_03-09,1030.0,1723.0
2024-02-25 04:09:10.643643,hn_03-09,1030.0,1723.0
2024-02-25 04:09:17.834834,hn_03-09,1030.0,1723.0
2024-02-25 04:09:25.121121,hn_03-09,1030.0,1723.0
2024-02-25 04:09:32.395395,hn_03-09,1030.0,1723.0
2024-02-25 04:09:39.697697,hn_03-09,1030.0,1723.0
2024-02-25 04:09:47.005005,hn_03-09,1030.0,1723.0
2024-02-25 04:09:54.295295,hn_03-09,1030.0,1723.0
2024-02-25 04:10:01.465465,hn_03-09,1030.0,1723.0
2024-02-25 04:10:08.772772,hn_03-09,1030.0,1723.0
2024-02-25 04:10:16.101101,hn_03-09,1030.0,1723.0
2024-02-25 04:10:23.393393,hn_03-09,1030.0,1723.0
2024-02-25 04:10:30.683683,hn_03-09,1030.0,1723.0
2024-02-25 04:10:38.013013,hn_03-09,1030.0,1723.0
2024-02-25 04:10:45.311311,hn_03-09,1030.0,1723.0
2024-02-25 04:10:52.612612,hn_03-09,1030.0,1723.0
2024-02-25 04:10:59.886886,hn_03-09,1030.0,1723.0
2024-02-25 04:11:07.139139,hn_03-09,1030.0,1723.0
2024-02-25 04:11:14.389389,hn_03-09,1030.0,1723.0
2024-02-25 04:11:21.671671,hn_03-09,1030.0,1723.0
2024-02-25 04:11:28.927927,hn_03-09,1030.0,1723.0
2024-02-25 04:11:36.242400,hn_03-09,1030.0,1723.0
2024-02-25 04:11:43.538538,hn_03-09,1030.0,1723.0
2024-02-25 04:11:50.826826,hn_03-09,1030.0,1723.0
2024-02-25 04:11:58.107107,hn_03-09,1030.0,1723.0
2024-02-25 04:12:05.376376,hn_03-09,1030.0,1723.0
2024-02-25 04:12:12.695695,hn_03-09,1030.0,1723.0
2024-02-25 04:12:19.958958,hn_03-09,1030.0,1723.0
2024-02-25 04:12:27.209209,hn_03-09,1030.0,1723.0
2024-02-25 04:12:34.494900,hn_03-09,1030.0,1723.0
2024-02-25 04:12:41.766766,hn_03-09,1030.0,1723.0
2024-02-25 04:12:49.061061,hn_03-09,1030.0,1723.0
2024-02-25 04:12:56.331331,hn_03-09,1030.0,1723.0
2024-02-25 04:13:03.608608,hn_03-09,1030.0,1723.0
2024-02-25 04:13:10.902902,hn_03-09,1030.0,1723.0
2024-02-25 04:13:18.212212,hn_03-09,1030.0,1723.0
2024-02-25 04:13:25.535300,hn_03-09,1030.0,1723.0
2024-02-25 04:13:32.769769,hn_03-09,1030.0,1723.0
2024-02-25 04:13:40.121121,hn_03-09,1030.0,1723.0
2024-02-25 04:13:47.434300,hn_03-09,1030.0,1723.0
2024-02-25 04:13:54.696696,hn_03-09,1030.0,1723.0
2024-02-25 04:14:01.963963,hn_03-09,1030.0,1723.0
2024-02-25 04:14:09.245245,hn_03-09,1030.0,1723.0
2024-02-25 04:14:16.492492,hn_03-09,1030.0,1723.0
2024-02-25 04:14:23.765765,hn_03-09,1030.0,1723.0
2024-02-25 04:14:30.996996,hn_03-09,1030.0,1723.0
2024-02-25 04:14:38.336336,hn_03-09,1030.0,1723.0
2024-02-25 04:14:45.565600,hn_03-09,1030.0,1723.0
2024-02-25 04:14:52.745745,hn_03-09,1030.0,1723.0
2024-02-25 04:15:00.023023,hn_03-09,1030.0,1723.0
2024-02-25 04:15:07.267267,hn_03-09,1030.0,1723.0
2024-02-25 04:15:14.562562,hn_03-09,1030.0,1723.0
2024-02-25 04:15:21.867867,hn_03-09,1030.0,1723.0
2024-02-25 04:15:29.201201,hn_03-09,1030.0,1723.0
2024-02-25 04:15:36.522522,hn_03-09,1030.0,1723.0
2024-02-25 04:15:43.984984,hn_03-09,1030.0,1723.0
2024-02-25 04:15:51.576576,hn_03-09,1030.0,1723.0
2024-02-25 04:15:59.046046,hn_03-09,1030.0,1723.0
2024-02-25 04:16:06.786786,hn_03-09,1030.0,1723.0
2024-02-25 04:16:13.962962,hn_03-09,1030.0,1723.0
2024-02-25 04:16:21.233233,hn_03-09,1030.0,1723.0
2024-02-25 04:16:28.421421,hn_03-09,1030.0,1723.0
2024-02-25 04:16:35.678678,hn_03-09,1030.0,1723.0
2024-02-25 04:16:42.939939,hn_03-09,1030.0,1723.0
2024-02-25 04:16:50.259259,hn_03-09,1030.0,1723.0
2024-02-25 04:16:57.454454,hn_03-09,1030.0,1723.0
2024-02-25 04:17:04.777777,hn_03-09,1030.0,1723.0
2024-02-25 04:17:12.106106,hn_03-09,1030.0,1723.0
2024-02-25 04:17:19.387387,hn_03-09,1030.0,1723.0
2024-02-25 04:17:26.656500,hn_03-09,1030.0,1723.0
2024-02-25 04:17:33.879879,hn_03-09,1030.0,1723.0
2024-02-25 04:17:41.158158,hn_03-09,1030.0,1723.0
2024-02-25 04:17:48.455455,hn_03-09,1030.0,1723.0
2024-02-25 04:17:55.751751,hn_03-09,1030.0,1723.0
2024-02-25 04:18:03.145145,hn_03-09,1030.0,1723.0
2024-02-25 04:18:10.451451,hn_03-09,1030.0,1723.0
2024-02-25 04:18:17.705705,hn_03-09,1030.0,1723.0
2024-02-25 04:18:25.002002,hn_03-09,1030.0,1723.0
2024-02-25 04:18:32.278278,hn_03-09,1030.0,1723.0
2024-02-25 04:18:39.493493,hn_03-09,1030.0,1723.0
2024-02-25 04:18:46.746746,hn_03-09,1030.0,1723.0
2024-02-25 04:18:53.988988,hn_03-09,1030.0,1723.0
2024-02-25 04:19:01.236236,hn_03-09,1030.0,1723.0
2024-02-25 04:19:08.606606,hn_03-09,1030.0,1723.0
2024-02-25 04:19:15.864864,hn_03-09,1030.0,1723.0
2024-02-25 04:19:23.109109,hn_03-09,1030.0,1723.0
2024-02-25 04:19:30.355355,hn_03-09,1030.0,1723.0
2024-02-25 04:19:37.575700,hn_03-09,1030.0,1723.0
2024-02-25 04:19:44.796796,hn_03-09,1030.0,1723.0
2024-02-25 04:19:52.030300,hn_03-09,1030.0,1723.0
2024-02-25 04:19:59.284284,hn_03-09,1030.0,1723.0
2024-02-25 04:20:06.585585,hn_03-09,1030.0,1723.0
2024-02-25 04:20:13.842842,hn_03-09,1030.0,1723.0
2024-02-25 04:20:21.141141,hn_03-09,1030.0,1723.0
2024-02-25 04:20:28.421421,hn_03-09,1030.0,1723.0
2024-02-25 04:20:35.711711,hn_03-09,1030.0,1723.0
2024-02-25 04:20:42.985985,hn_03-09,1030.0,1723.0
2024-02-25 04:20:50.233233,hn_03-09,1030.0,1723.0
2024-02-25 04:20:57.555500,hn_03-09,1033.0,1738.5
2024-02-25 04:21:04.814814,hn_03-09,1030.0,1723.0
2024-02-25 04:21:12.097097,hn_03-09,1030.0,1723.0
2024-02-25 04:21:19.346346,hn_03-09,1030.0,1723.0
2024-02-25 04:21:26.604604,hn_03-09,1030.0,1723.0
2024-02-25 04:21:33.897897,hn_03-09,1030.0,1723.0
2024-02-25 04:21:41.191900,hn_03-09,1030.0,1723.0
2024-02-25 04:21:48.463463,hn_03-09,1030.0,1723.0
2024-02-25 04:21:55.831831,hn_03-09,1030.0,1723.0
2024-02-25 04:22:03.152152,hn_03-09,1030.0,1723.0
2024-02-25 04:22:10.545545,hn_03-09,1033.5,1760.5
2024-02-25 04:22:17.861861,hn_03-09,1030.0,1723.0
2024-02-25 04:22:25.162162,hn_03-09,1030.0,1723.0
2024-02-25 04:22:32.439439,hn_03-09,1030.0,1723.0
2024-02-25 04:22:39.715715,hn_03-09,1030.0,1723.0
2024-02-25 04:22:47.021021,hn_03-09,1030.0,1723.0
2024-02-25 04:22:54.328328,hn_03-09,1030.0,1723.0
2024-02-25 04:23:01.612612,hn_03-09,1030.0,1723.0
2024-02-25 04:23:08.967967,hn_03-09,1030.0,1723.0
2024-02-25 04:23:16.246246,hn_03-09,1030.0,1723.0
2024-02-25 04:23:23.547547,hn_03-09,1030.0,1723.0
2024-02-25 04:23:30.731731,hn_03-09,1030.0,1723.0
2024-02-25 04:23:38.050500,hn_03-09,1030.0,1723.0
2024-02-25 04:23:45.262600,hn_03-09,1030.0,1723.0
2024-02-25 04:23:52.528528,hn_03-09,1030.0,1723.0
2024-02-25 04:23:59.781781,hn_03-09,1030.0,1723.0
2024-02-25 04:24:07.026026,hn_03-09,1030.0,1723.0
2024-02-25 04:24:14.271271,hn_03-09,1030.0,1723.0
2024-02-25 04:24:21.578578,hn_03-09,1030.0,1723.0
2024-02-25 04:24:28.852852,hn_03-09,1030.0,1723.0
2024-02-25 04:24:36.080800,hn_03-09,1030.0,1723.0
2024-02-25 04:24:43.347347,hn_03-09,1030.0,1723.0
2024-02-25 04:24:50.676676,hn_03-09,1030.0,1723.0
2024-02-25 04:24:58.013013,hn_03-09,1030.0,1723.0
2024-02-25 04:25:05.226226,hn_03-09,1030.0,1723.0
2024-02-25 04:25:12.489489,hn_03-09,1030.0,1723.0
2024-02-25 04:25:19.757757,hn_03-09,1030.0,1723.0
2024-02-25 04:25:27.065065,hn_03-09,1030.0,1723.0
2024-02-25 04:25:34.319319,hn_03-09,1030.0,1723.0
2024-02-25 04:25:41.519519,hn_03-09,1030.0,1723.0
2024-02-25 04:25:48.778778,hn_03-09,1030.0,1723.0
2024-02-25 04:25:55.979979,hn_03-09,1030.0,1723.0
2024-02-25 04:26:03.174174,hn_03-09,1030.0,1723.0
2024-02-25 04:26:10.498498,hn_03-09,1030.0,1723.0
2024-02-25 04:26:17.737737,hn_03-09,1030.0,1723.0
2024-02-25 04:26:25.031031,hn_03-09,1030.0,1723.0
2024-02-25 04:26:32.304304,hn_03-09,1030.0,1723.0
2024-02-25 04:26:39.627627,hn_03-09,1030.0,1723.0
2024-02-25 04:26:46.999900,hn_03-09,1030.0,1723.0
2024-02-25 04:26:54.299299,hn_03-09,1030.0,1723.0
2024-02-25 04:27:01.566566,hn_03-09,1030.0,1723.0
2024-02-25 04:27:08.744744,hn_03-09,1030.0,1723.0
2024-02-25 04:27:15.909909,hn_03-09,1030.0,1723.0
2024-02-25 04:27:23.186186,hn_03-09,1030.0,1723.0
2024-02-25 04:27:30.468468,hn_03-09,1030.0,1723.0
2024-02-25 04:27:37.716716,hn_03-09,1030.0,1723.0
2024-02-25 04:27:44.995995,hn_03-09,1030.0,1723.0
2024-02-25 04:27:52.267267,hn_03-09,1030.0,1723.0
2024-02-25 04:27:59.508508,hn_03-09,1030.0,1723.0
2024-02-25 04:28:06.806806,hn_03-09,1030.0,1723.0
2024-02-25 04:28:14.138138,hn_03-09,1030.0,1723.0
2024-02-25 04:28:21.396396,hn_03-09,1030.0,1723.0
2024-02-25 04:28:28.609609,hn_03-09,1030.0,1723.0
2024-02-25 04:28:35.981981,hn_03-09,1030.0,1723.0
2024-02-25 04:28:43.307307,hn_03-09,1030.0,1723.0
2024-02-25 04:28:50.617617,hn_03-09,1030.0,1723.0
2024-02-25 04:28:57.895895,hn_03-09,1030.0,1723.0
2024-02-25 04:29:05.109109,hn_03-09,1030.0,1723.0
2024-02-25 04:29:12.373373,hn_03-09,1030.0,1723.0
2024-02-25 04:29:19.576576,hn_03-09,1030.0,1723.0
2024-02-25 04:29:26.825825,hn_03-09,1030.0,1723.0
2024-02-25 04:29:34.066066,hn_03-09,1030.0,1723.0
2024-02-25 04:29:41.343343,hn_03-09,1030.0,1723.0
2024-02-25 04:29:48.639639,hn_03-09,1030.0,1723.0
2024-02-25 04:29:55.848400,hn_03-09,1030.0,1723.0
2024-02-25 04:30:03.069069,hn_03-09,1030.0,1723.0
2024-02-25 04:30:10.345345,hn_03-09,1030.0,1723.0
2024-02-25 04:30:17.613613,hn_03-09,1030.0,1723.0
2024-02-25 04:30:24.937937,hn_03-09,1030.0,1723.0
2024-02-25 04:30:32.197197,hn_03-09,1030.0,1723.0
2024-02-25 04:30:39.373700,hn_03-09,1030.0,1723.0
2024-02-25 04:30:46.658658,hn_03-09,1030.0,1723.0
2024-02-25 04:30:53.891891,hn_03-09,1030.0,1723.0
2024-02-25 04:31:01.143143,hn_03-09,1030.0,1723.0
2024-02-25 04:31:08.504504,hn_03-09,1030.0,1723.0
2024-02-25 04:31:15.862862,hn_03-09,1030.0,1723.0
2024-02-25 04:31:23.226226,hn_03-09,1030.0,1723.0
2024-02-25 04:31:30.419419,hn_03-09,1030.0,1723.0
2024-02-25 04:31:37.715715,hn_03-09,1030.0,1723.0
2024-02-25 04:31:45.013013,hn_03-09,1030.0,1723.0
2024-02-25 04:31:52.271271,hn_03-09,1030.0,1723.0
2024-02-25 04:31:59.529529,hn_03-09,1030.0,1723.0
2024-02-25 04:32:06.767767,hn_03-09,1030.0,1723.0
2024-02-25 04:32:14.024024,hn_03-09,1030.0,1723.0
2024-02-25 04:32:21.313100,hn_03-09,1030.0,1723.0
2024-02-25 04:32:28.521521,hn_03-09,1030.0,1723.0
2024-02-25 04:32:35.703703,hn_03-09,1030.0,1723.0
2024-02-25 04:32:42.984984,hn_03-09,1030.0,1723.0
2024-02-25 04:32:50.226226,hn_03-09,1030.0,1723.0
2024-02-25 04:32:57.455455,hn_03-09,1030.0,1723.0
2024-02-25 04:33:04.758758,hn_03-09,1030.0,1723.0
2024-02-25 04:33:12.024024,hn_03-09,1030.0,1723.0
2024-02-25 04:33:19.285285,hn_03-09,1030.0,1723.0
2024-02-25 04:33:26.515515,hn_03-09,1030.0,1723.0
2024-02-25 04:33:33.828828,hn_03-09,1030.0,1723.0
2024-02-25 04:33:41.143143,hn_03-09,1030.0,1723.0
2024-02-25 04:33:48.454500,hn_03-09,1030.0,1723.0
2024-02-25 04:33:55.691691,hn_03-09,1030.0,1723.0
2024-02-25 04:34:02.942942,hn_03-09,1030.0,1723.0
2024-02-25 04:34:10.181800,hn_03-09,1030.0,1723.0
2024-02-25 04:34:17.432432,hn_03-09,1030.0,1723.0
2024-02-25 04:34:24.646400,hn_03-09,1030.0,1723.0
2024-02-25 04:34:31.914914,hn_03-09,1030.0,1723.0
2024-02-25 04:34:39.191900,hn_03-09,1030.0,1723.0
2024-02-25 04:34:46.453453,hn_03-09,1030.0,1723.0
2024-02-25 04:34:53.747400,hn_03-09,1030.0,1723.0
2024-02-25 04:35:01.019019,hn_03-09,1030.0,1723.0
2024-02-25 04:35:08.198198,hn_03-09,1030.0,1723.0
2024-02-25 04:35:15.464600,hn_03-09,1030.0,1723.0
2024-02-25 04:35:22.769769,hn_03-09,1030.0,1723.0
2024-02-25 04:35:30.024024,hn_03-09,1030.0,1723.0
2024-02-25 04:35:37.358358,hn_03-09,1030.0,1723.0
2024-02-25 04:35:44.592592,hn_03-09,1030.0,1723.0
2024-02-25 04:35:51.907907,hn_03-09,1030.0,1723.0
2024-02-25 04:35:59.153153,hn_03-09,1030.0,1723.0
2024-02-25 04:36:06.421421,hn_03-09,1030.0,1723.0
2024-02-25 04:36:13.723723,hn_03-09,1030.0,1723.0
2024-02-25 04:36:20.947947,hn_03-09,1030.0,1723.0
2024-02-25 04:36:28.241241,hn_03-09,1030.0,1723.0
2024-02-25 04:36:35.478478,hn_03-09,1030.0,1723.0
2024-02-25 04:36:42.785785,hn_03-09,1030.0,1723.0
2024-02-25 04:36:50.078078,hn_03-09,1030.0,1723.0
2024-02-25 04:36:57.277277,hn_03-09,1030.0,1723.0
2024-02-25 04:37:04.543543,hn_03-09,1030.0,1723.0
2024-02-25 04:37:11.854854,hn_03-09,1030.0,1723.0
2024-02-25 04:37:19.141141,hn_03-09,1030.0,1723.0
2024-02-25 04:37:26.402402,hn_03-09,1030.0,1723.0
2024-02-25 04:37:33.602602,hn_03-09,1030.0,1723.0
2024-02-25 04:37:40.948948,hn_03-09,1030.0,1723.0
2024-02-25 04:37:48.189189,hn_03-09,1030.0,1723.0
2024-02-25 04:37:55.457457,hn_03-09,1030.0,1723.0
2024-02-25 04:38:02.754754,hn_03-09,1030.0,1723.0
2024-02-25 04:38:09.952952,hn_03-09,1030.0,1723.0
2024-02-25 04:38:17.216216,hn_03-09,1030.0,1723.0
2024-02-25 04:38:24.416416,hn_03-09,1030.0,1723.0
2024-02-25 04:38:31.661661,hn_03-09,1030.0,1723.0
2024-02-25 04:38:38.864864,hn_03-09,1030.0,1723.0
2024-02-25 04:38:46.090900,hn_03-09,1030.0,1723.0
2024-02-25 04:38:53.373700,hn_03-09,1030.0,1723.0
2024-02-25 04:39:00.633633,hn_03-09,1030.0,1723.0
2024-02-25 04:39:07.898898,hn_03-09,1030.0,1723.0
2024-02-25 04:39:15.208208,hn_03-09,1030.0,1723.0
2024-02-25 04:39:22.481481,hn_03-09,1030.0,1723.0
2024-02-25 04:39:29.747400,hn_03-09,1030.0,1723.0
2024-02-25 04:39:36.998998,hn_03-09,1030.0,1723.0
2024-02-25 04:39:44.288288,hn_03-09,1030.0,1723.0
2024-02-25 04:39:51.585800,hn_03-09,1030.0,1723.0
2024-02-25 04:39:58.779779,hn_03-09,1030.0,1723.0
2024-02-25 04:40:06.023023,hn_03-09,1030.0,1723.0
2024-02-25 04:40:13.275275,hn_03-09,1030.0,1723.0
2024-02-25 04:40:20.528528,hn_03-09,1030.0,1723.0
2024-02-25 04:40:27.778778,hn_03-09,1030.0,1723.0
2024-02-25 04:40:35.075075,hn_03-09,1030.0,1723.0
2024-02-25 04:40:42.416416,hn_03-09,1030.0,1723.0
2024-02-25 04:40:49.631631,hn_03-09,1030.0,1723.0
2024-02-25 04:40:56.939300,hn_03-09,1030.0,1723.0
2024-02-25 04:41:04.161161,hn_03-09,1030.0,1723.0
2024-02-25 04:41:11.491491,hn_03-09,1030.0,1723.0
2024-02-25 04:41:18.729729,hn_03-09,1030.0,1723.0
2024-02-25 04:41:25.985985,hn_03-09,1030.0,1723.0
2024-02-25 04:41:33.293293,hn_03-09,1030.0,1723.0
2024-02-25 04:41:40.566566,hn_03-09,1030.0,1723.0
2024-02-25 04:41:47.784784,hn_03-09,1030.0,1723.0
2024-02-25 04:41:55.027027,hn_03-09,1030.0,1723.0
2024-02-25 04:42:02.220000,hn_03-09,1030.0,1723.0
2024-02-25 04:42:09.477477,hn_03-09,1030.0,1723.0
2024-02-25 04:42:16.662662,hn_03-09,1030.0,1723.0
2024-02-25 04:42:23.949400,hn_03-09,1030.0,1723.0
2024-02-25 04:42:31.164164,hn_03-09,1033.466,1764.942
2024-02-25 04:42:38.483483,hn_03-09,1030.0,1723.0
2024-02-25 04:42:45.814814,hn_03-09,1030.0,1723.0
2024-02-25 04:42:53.168168,hn_03-09,1030.0,1723.0
2024-02-25 04:43:00.456456,hn_03-09,1030.0,1723.0
2024-02-25 04:43:07.739739,hn_03-09,1030.0,1723.0
2024-02-25 04:43:15.034034,hn_03-09,1030.0,1723.0
2024-02-25 04:43:22.298298,hn_03-09,1030.0,1723.0
2024-02-25 04:43:29.523523,hn_03-09,1030.0,1723.0
2024-02-25 04:43:36.818818,hn_03-09,1030.0,1723.0
2024-02-25 04:43:44.038038,hn_03-09,1030.0,1723.0
2024-02-25 04:43:51.279279,hn_03-09,1030.0,1723.0
2024-02-25 04:43:58.561561,hn_03-09,1030.0,1723.0
2024-02-25 04:44:05.916916,hn_03-09,1030.0,1723.0
2024-02-25 04:44:13.242400,hn_03-09,1030.0,1723.0
2024-02-25 04:44:20.577577,hn_03-09,1030.0,1723.0
2024-02-25 04:44:27.898900,hn_03-09,1030.0,1723.0
2024-02-25 04:44:35.215215,hn_03-09,1030.0,1723.0
2024-02-25 04:44:42.521521,hn_03-09,1030.0,1723.0
2024-02-25 04:44:49.767767,hn_03-09,1030.0,1723.0
2024-02-25 04:44:57.063063,hn_03-09,1030.0,1723.0
2024-02-25 04:45:04.383800,hn_03-09,1030.0,1723.0
2024-02-25 04:45:11.699699,hn_03-09,1030.0,1723.0
2024-02-25 04:45:18.972972,hn_03-09,1030.0,1723.0
2024-02-25 04:45:26.220000,hn_03-09,1030.0,1723.0
2024-02-25 04:45:33.398398,hn_03-09,1030.0,1723.0
2024-02-25 04:45:40.632632,hn_03-09,1030.0,1723.0
2024-02-25 04:45:47.848848,hn_03-09,1030.0,1723.0
2024-02-25 04:45:55.124124,hn_03-09,1030.0,1723.0
2024-02-25 04:46:02.373700,hn_03-09,1030.0,1723.0
2024-02-25 04:46:09.636636,hn_03-09,1030.0,1723.0
2024-02-25 04:46:16.898898,hn_03-09,1030.0,1723.0
2024-02-25 04:46:24.157157,hn_03-09,1030.0,1723.0
2024-02-25 04:46:31.473473,hn_03-09,1030.0,1723.0
2024-02-25 04:46:38.667667,hn_03-09,1030.0,1723.0
2024-02-25 04:46:45.914914,hn_03-09,1030.0,1723.0
2024-02-25 04:46:53.179179,hn_03-09,1030.0,1723.0
2024-02-25 04:47:00.461461,hn_03-09,1030.0,1723.0
2024-02-25 04:47:07.743743,hn_03-09,1030.0,1723.0
2024-02-25 04:47:15.086086,hn_03-09,1030.0,1723.0
2024-02-25 04:47:22.353353,hn_03-09,1030.0,1723.0
2024-02-25 04:47:29.647647,hn_03-09,1030.0,1723.0
2024-02-25 04:47:36.911911,hn_03-09,1030.0,1723.0
2024-02-25 04:47:44.158158,hn_03-09,1030.0,1723.0
2024-02-25 04:47:51.366366,hn_03-09,1030.0,1723.0
2024-02-25 04:47:58.674674,hn_03-09,1030.0,1723.0
2024-02-25 04:48:05.898900,hn_03-09,1030.0,1723.0
2024-02-25 04:48:13.110000,hn_03-09,1030.0,1723.0
2024-02-25 04:48:20.486486,hn_03-09,1030.0,1723.0
2024-02-25 04:48:27.833833,hn_03-09,1030.0,1723.0
2024-02-25 04:48:35.079079,hn_03-09,1030.0,1723.0
2024-02-25 04:48:42.401401,hn_03-09,1030.0,1723.0
2024-02-25 04:48:49.733733,hn_03-09,1030.0,1723.0
2024-02-25 04:48:57.064064,hn_03-09,1030.0,1723.0
2024-02-25 04:49:04.319319,hn_03-09,1030.0,1723.0
2024-02-25 04:49:11.589589,hn_03-09,1030.0,1723.0
2024-02-25 04:49:18.832832,hn_03-09,1030.0,1723.0
2024-02-25 04:49:26.133133,hn_03-09,1030.0,1723.0
2024-02-25 04:49:33.355355,hn_03-09,1030.0,1723.0
2024-02-25 04:49:40.628628,hn_03-09,1030.0,1723.0
2024-02-25 04:49:47.887887,hn_03-09,1030.0,1723.0
2024-02-25 04:49:55.175175,hn_03-09,1030.0,1723.0
2024-02-25 04:50:02.508508,hn_03-09,1030.0,1723.0
2024-02-25 04:50:09.803803,hn_03-09,1030.0,1723.0
2024-02-25 04:50:17.138138,hn_03-09,1030.0,1723.0
2024-02-25 04:50:24.491491,hn_03-09,1030.0,1723.0
2024-02-25 04:50:31.777777,hn_03-09,1030.0,1723.0
2024-02-25 04:50:39.010100,hn_03-09,1030.0,1723.0
2024-02-25 04:50:46.324324,hn_03-09,1030.0,1723.0
2024-02-25 04:50:53.627627,hn_03-09,1030.0,1723.0
2024-02-25 04:51:00.926926,hn_03-09,1030.0,1723.0
2024-02-25 04:51:08.195195,hn_03-09,1030.0,1723.0
2024-02-25 04:51:15.458458,hn_03-09,1030.0,1723.0
2024-02-25 04:51:22.751751,hn_03-09,1030.0,1723.0
2024-02-25 04:51:29.976976,hn_03-09,1030.0,1723.0
2024-02-25 04:51:37.267267,hn_03-09,1030.0,1723.0
2024-02-25 04:51:44.526526,hn_03-09,1030.0,1723.0
2024-02-25 04:51:51.774774,hn_03-09,1030.0,1723.0
2024-02-25 04:51:59.092092,hn_03-09,1030.0,1723.0
2024-02-25 04:52:06.369369,hn_03-09,1030.0,1723.0
2024-02-25 04:52:13.565565,hn_03-09,1030.0,1723.0
2024-02-25 04:52:20.822822,hn_03-09,1030.0,1723.0
2024-02-25 04:52:28.087087,hn_03-09,1030.0,1723.0
2024-02-25 04:52:35.322322,hn_03-09,1030.0,1723.0
2024-02-25 04:52:42.660000,hn_03-09,1030.0,1723.0
2024-02-25 04:52:49.857857,hn_03-09,1030.0,1723.0
2024-02-25 04:52:57.126126,hn_03-09,1030.0,1723.0
2024-02-25 04:53:04.296296,hn_03-09,1030.0,1723.0
2024-02-25 04:53:11.563563,hn_03-09,1030.0,1723.0
2024-02-25 04:53:18.836836,hn_03-09,1030.0,1723.0
2024-02-25 04:53:26.171700,hn_03-09,1030.0,1723.0
2024-02-25 04:53:33.440000,hn_03-09,1030.0,1723.0
2024-02-25 04:53:40.684684,hn_03-09,1030.0,1723.0
2024-02-25 04:53:47.874874,hn_03-09,1030.0,1723.0
2024-02-25 04:53:55.177177,hn_03-09,1030.0,1723.0
2024-02-25 04:54:02.428428,hn_03-09,1030.0,1723.0
2024-02-25 04:54:09.697697,hn_03-09,1030.0,1723.0
2024-02-25 04:54:16.957957,hn_03-09,1030.0,1723.0
2024-02-25 04:54:24.235235,hn_03-09,1030.0,1723.0
2024-02-25 04:54:31.565565,hn_03-09,1030.0,1723.0
2024-02-25 04:54:38.903903,hn_03-09,1030.0,1723.0
2024-02-25 04:54:46.178178,hn_03-09,1030.0,1723.0
2024-02-25 04:54:53.436436,hn_03-09,1030.0,1723.0
2024-02-25 04:55:00.694694,hn_03-09,1030.0,1723.0
2024-02-25 04:55:08.041041,hn_03-09,1030.0,1723.0
2024-02-25 04:55:15.319319,hn_03-09,1030.0,1723.0
2024-02-25 04:55:22.599599,hn_03-09,1030.0,1723.0
2024-02-25 04:55:29.888888,hn_03-09,1030.0,1723.0
2024-02-25 04:55:37.163163,hn_03-09,1030.0,1723.0
2024-02-25 04:55:44.423423,hn_03-09,1030.0,1723.0
2024-02-25 04:55:51.770000,hn_03-09,1030.0,1723.0
2024-02-25 04:55:59.021021,hn_03-09,1030.0,1723.0
2024-02-25 04:56:06.242242,hn_03-09,1030.0,1723.0
2024-02-25 04:56:13.508508,hn_03-09,1030.0,1723.0
2024-02-25 04:56:20.765765,hn_03-09,1030.0,1723.0
2024-02-25 04:56:28.028028,hn_03-09,1030.0,1723.0
2024-02-25 04:56:35.232300,hn_03-09,1030.0,1723.0
2024-02-25 04:56:42.489489,hn_03-09,1030.0,1723.0
2024-02-25 04:56:50.233233,hn_03-09,1030.0,1723.0
2024-02-25 04:56:57.686686,hn_03-09,1030.0,1723.0
2024-02-25 04:57:05.539539,hn_03-09,1030.0,1723.0
2024-02-25 04:57:12.949400,hn_03-09,1030.0,1723.0
2024-02-25 04:57:20.186186,hn_03-09,1030.0,1723.0
2024-02-25 04:57:27.428428,hn_03-09,1030.0,1723.0
2024-02-25 04:57:34.747400,hn_03-09,1030.0,1723.0
2024-02-25 04:57:41.944944,hn_03-09,1030.0,1723.0
2024-02-25 04:57:49.317317,hn_03-09,1030.0,1723.0
2024-02-25 04:57:56.591591,hn_03-09,1030.0,1723.0
2024-02-25 04:58:03.845845,hn_03-09,1030.0,1723.0
2024-02-25 04:58:11.119119,hn_03-09,1030.0,1723.0
2024-02-25 04:58:18.451451,hn_03-09,1030.0,1723.0
2024-02-25 04:58:25.757500,hn_03-09,1030.0,1723.0
2024-02-25 04:58:33.024024,hn_03-09,1030.0,1723.0
2024-02-25 04:58:40.606606,hn_03-09,1030.0,1723.0
2024-02-25 04:58:48.352352,hn_03-09,1030.0,1723.0
2024-02-25 04:58:55.636300,hn_03-09,1030.0,1723.0
2024-02-25 04:59:02.949949,hn_03-09,1030.0,1723.0
2024-02-25 04:59:10.228228,hn_03-09,1030.0,1723.0
2024-02-25 04:59:17.499499,hn_03-09,1030.0,1723.0
2024-02-25 04:59:24.727727,hn_03-09,1030.0,1723.0
2024-02-25 04:59:32.060600,hn_03-09,1030.0,1723.0
2024-02-25 04:59:39.414100,hn_03-09,1030.0,1723.0
2024-02-25 04:59:46.713713,hn_03-09,1030.0,1723.0
2024-02-25 04:59:54.068068,hn_03-09,1030.0,1723.0
2024-02-25 05:00:01.341341,hn_03-09,1030.0,1723.0
2024-02-25 05:00:08.652652,hn_03-09,1030.0,1723.0
2024-02-25 05:00:15.939939,hn_03-09,1030.0,1723.0
2024-02-25 05:00:23.231231,hn_03-09,1030.0,1723.0
2024-02-25 05:00:30.555500,hn_03-09,1030.0,1723.0
2024-02-25 05:00:37.834834,hn_03-09,1030.0,1723.0
2024-02-25 05:00:45.023023,hn_03-09,1030.0,1723.0
2024-02-25 05:00:52.267267,hn_03-09,1030.0,1723.0
2024-02-25 05:00:59.529529,hn_03-09,1076.5,1727.0
2024-02-25 05:01:06.818818,hn_03-09,1030.0,1723.0
2024-02-25 05:01:14.108108,hn_03-09,1030.0,1723.0
2024-02-25 05:01:21.371371,hn_03-09,1030.0,1723.0
2024-02-25 05:01:28.693693,hn_03-09,1030.0,1723.0
2024-02-25 05:01:35.982982,hn_03-09,1033.0,1771.5
2024-02-25 05:01:43.222222,hn_03-09,1030.0,1723.0
2024-02-25 05:01:50.515515,hn_03-09,1030.0,1723.0
2024-02-25 05:01:57.698698,hn_03-09,1030.0,1723.0
2024-02-25 05:02:04.975975,hn_03-09,1030.0,1723.0
2024-02-25 05:02:12.249249,hn_03-09,1030.0,1723.0
2024-02-25 05:02:19.566566,hn_03-09,1030.0,1723.0
2024-02-25 05:02:26.878700,hn_03-09,1030.0,1723.0
2024-02-25 05:02:34.177177,hn_03-09,1030.0,1723.0
2024-02-25 05:02:41.468468,hn_03-09,1030.0,1723.0
2024-02-25 05:02:48.818818,hn_03-09,1030.0,1723.0
2024-02-25 05:02:56.014014,hn_03-09,1030.0,1723.0
2024-02-25 05:03:03.308308,hn_03-09,1030.0,1723.0
2024-02-25 05:03:10.682682,hn_03-09,1030.0,1723.0
2024-02-25 05:03:17.951951,hn_03-09,1030.0,1723.0
2024-02-25 05:03:25.293293,hn_03-09,1030.0,1723.0
2024-02-25 05:03:32.542542,hn_03-09,1030.0,1723.0
2024-02-25 05:03:39.725725,hn_03-09,1030.0,1723.0
2024-02-25 05:03:46.987987,hn_03-09,1030.0,1723.0
2024-02-25 05:03:54.282800,hn_03-09,1030.0,1723.0
2024-02-25 05:04:01.538538,hn_03-09,1030.0,1723.0
2024-02-25 05:04:08.708708,hn_03-09,1030.0,1723.0
2024-02-25 05:04:15.972972,hn_03-09,1030.0,1723.0
2024-02-25 05:04:23.162162,hn_03-09,1030.0,1723.0
2024-02-25 05:04:30.434300,hn_03-09,1030.0,1723.0
2024-02-25 05:04:37.643643,hn_03-09,1030.0,1723.0
2024-02-25 05:04:44.912912,hn_03-09,1030.0,1723.0
2024-02-25 05:04:52.118118,hn_03-09,1030.0,1723.0
2024-02-25 05:04:59.487487,hn_03-09,1030.0,1723.0
2024-02-25 05:05:06.781781,hn_03-09,1030.0,1723.0
2024-02-25 05:05:13.988988,hn_03-09,1030.0,1723.0
2024-02-25 05:05:21.256256,hn_03-09,1030.0,1723.0
2024-02-25 05:05:28.515100,hn_03-09,1030.0,1723.0
2024-02-25 05:05:35.817817,hn_03-09,1030.0,1723.0
2024-02-25 05:05:43.021021,hn_03-09,1030.0,1723.0
2024-02-25 05:05:50.318318,hn_03-09,1030.0,1723.0
2024-02-25 05:05:57.628628,hn_03-09,1030.0,1723.0
2024-02-25 05:06:05.008008,hn_03-09,1030.0,1723.0
2024-02-25 05:06:12.269269,hn_03-09,1030.0,1723.0
2024-02-25 05:06:19.565565,hn_03-09,1030.0,1723.0
2024-02-25 05:06:26.768768,hn_03-09,1030.0,1723.0
2024-02-25 05:06:34.068068,hn_03-09,1030.0,1723.0
2024-02-25 05:06:41.323200,hn_03-09,1030.0,1723.0
2024-02-25 05:06:48.593593,hn_03-09,1030.0,1723.0
2024-02-25 05:06:55.815815,hn_03-09,1030.0,1723.0
2024-02-25 05:07:03.183183,hn_03-09,1030.0,1723.0
2024-02-25 05:07:10.542542,hn_03-09,1030.0,1723.0
2024-02-25 05:07:17.886886,hn_03-09,1030.0,1723.0
2024-02-25 05:07:25.244244,hn_03-09,1030.0,1723.0
2024-02-25 05:07:32.525525,hn_03-09,1030.0,1723.0
2024-02-25 05:07:39.762762,hn_03-09,1030.0,1723.0
2024-02-25 05:07:47.080800,hn_03-09,1030.0,1723.0
2024-02-25 05:07:54.339339,hn_03-09,1030.0,1723.0
2024-02-25 05:08:01.535535,hn_03-09,1030.0,1723.0
2024-02-25 05:08:08.765765,hn_03-09,1030.0,1723.0
2024-02-25 05:08:16.055055,hn_03-09,1030.0,1723.0
2024-02-25 05:08:23.372372,hn_03-09,1030.0,1723.0
2024-02-25 05:08:30.608608,hn_03-09,1030.0,1723.0
2024-02-25 05:08:37.876876,hn_03-09,1030.0,1723.0
2024-02-25 05:08:45.142142,hn_03-09,1030.0,1723.0
2024-02-25 05:08:52.416416,hn_03-09,1030.0,1723.0
2024-02-25 05:08:59.614614,hn_03-09,1030.0,1723.0
2024-02-25 05:09:06.852852,hn_03-09,1030.0,1723.0
2024-02-25 05:09:14.002002,hn_03-09,1030.0,1723.0
2024-02-25 05:09:21.294294,hn_03-09,1030.0,1723.0
2024-02-25 05:09:28.525525,hn_03-09,1030.0,1723.0
2024-02-25 05:09:35.792792,hn_03-09,1030.0,1723.0
2024-02-25 05:09:43.088088,hn_03-09,1030.0,1723.0
2024-02-25 05:09:50.373373,hn_03-09,1030.0,1723.0
2024-02-25 05:09:57.579579,hn_03-09,1030.0,1723.0
2024-02-25 05:10:04.839839,hn_03-09,1030.0,1723.0
2024-02-25 05:10:12.054054,hn_03-09,1030.0,1723.0
2024-02-25 05:10:19.333300,hn_03-09,1030.0,1723.0
2024-02-25 05:10:26.621621,hn_03-09,1030.0,1723.0
2024-02-25 05:10:33.877877,hn_03-09,1030.0,1723.0
2024-02-25 05:10:41.161600,hn_03-09,1030.0,1723.0
2024-02-25 05:10:48.494900,hn_03-09,1030.0,1723.0
2024-02-25 05:10:55.757500,hn_03-09,1030.0,1723.0
2024-02-25 05:11:02.953953,hn_03-09,1030.0,1723.0
2024-02-25 05:11:10.209209,hn_03-09,1030.0,1723.0
2024-02-25 05:11:17.499499,hn_03-09,1030.0,1723.0
2024-02-25 05:11:24.892892,hn_03-09,1030.0,1723.0
2024-02-25 05:11:32.157157,hn_03-09,1030.0,1723.0
2024-02-25 05:11:39.414414,hn_03-09,1030.0,1723.0
2024-02-25 05:11:46.659659,hn_03-09,1030.0,1723.0
2024-02-25 05:11:53.933933,hn_03-09,1030.0,1723.0
2024-02-25 05:12:01.207207,hn_03-09,1030.0,1723.0
2024-02-25 05:12:08.503503,hn_03-09,1030.0,1723.0
2024-02-25 05:12:15.737300,hn_03-09,1030.0,1723.0
2024-02-25 05:12:22.987987,hn_03-09,1030.0,1723.0
2024-02-25 05:12:30.281281,hn_03-09,1030.0,1723.0
2024-02-25 05:12:37.631631,hn_03-09,1030.0,1723.0
2024-02-25 05:12:44.891891,hn_03-09,1030.0,1723.0
2024-02-25 05:12:52.213213,hn_03-09,1030.0,1723.0
2024-02-25 05:12:59.522522,hn_03-09,1030.0,1723.0
2024-02-25 05:13:06.845845,hn_03-09,1030.0,1723.0
2024-02-25 05:13:14.136136,hn_03-09,1030.0,1723.0
2024-02-25 05:13:21.434300,hn_03-09,1030.0,1723.0
2024-02-25 05:13:28.721721,hn_03-09,1030.0,1723.0
2024-02-25 05:13:36.054054,hn_03-09,1030.0,1723.0
2024-02-25 05:13:43.358358,hn_03-09,1030.0,1723.0
2024-02-25 05:13:50.628628,hn_03-09,1030.0,1723.0
2024-02-25 05:13:57.873873,hn_03-09,1030.0,1723.0
2024-02-25 05:14:05.165165,hn_03-09,1030.0,1723.0
2024-02-25 05:14:12.447447,hn_03-09,1030.0,1723.0
2024-02-25 05:14:19.743743,hn_03-09,1030.0,1723.0
2024-02-25 05:14:27.030300,hn_03-09,1030.0,1723.0
2024-02-25 05:14:34.299299,hn_03-09,1030.0,1723.0
2024-02-25 05:14:41.605605,hn_03-09,1030.0,1723.0
2024-02-25 05:14:48.961961,hn_03-09,1030.0,1723.0
2024-02-25 05:14:56.313313,hn_03-09,1030.0,1723.0
2024-02-25 05:15:03.581581,hn_03-09,1030.0,1723.0
2024-02-25 05:15:10.803803,hn_03-09,1030.0,1723.0
2024-02-25 05:15:18.054054,hn_03-09,1030.0,1723.0
2024-02-25 05:15:25.378378,hn_03-09,1030.0,1723.0
2024-02-25 05:15:32.662662,hn_03-09,1030.0,1723.0
2024-02-25 05:15:39.936936,hn_03-09,1030.0,1723.0
2024-02-25 05:15:47.156156,hn_03-09,1030.0,1723.0
2024-02-25 05:15:54.544544,hn_03-09,1030.0,1723.0
2024-02-25 05:16:01.838838,hn_03-09,1030.0,1723.0
2024-02-25 05:16:09.069069,hn_03-09,1030.0,1723.0
2024-02-25 05:16:16.398398,hn_03-09,1030.0,1723.0
2024-02-25 05:16:23.675675,hn_03-09,1030.0,1723.0
2024-02-25 05:16:30.984984,hn_03-09,1030.0,1723.0
2024-02-25 05:16:38.262262,hn_03-09,1030.0,1723.0
2024-02-25 05:16:45.513513,hn_03-09,1030.0,1723.0
2024-02-25 05:16:52.766766,hn_03-09,1030.0,1723.0
2024-02-25 05:17:00.012012,hn_03-09,1030.0,1723.0
2024-02-25 05:17:07.293293,hn_03-09,1030.0,1723.0
2024-02-25 05:17:14.561561,hn_03-09,1030.0,1723.0
2024-02-25 05:17:21.848848,hn_03-09,1030.0,1723.0
2024-02-25 05:17:29.104104,hn_03-09,1030.0,1723.0
2024-02-25 05:17:36.292900,hn_03-09,1030.0,1723.0
2024-02-25 05:17:43.572572,hn_03-09,1030.0,1723.0
2024-02-25 05:17:50.858858,hn_03-09,1030.0,1723.0
2024-02-25 05:17:58.075075,hn_03-09,1030.0,1723.0
2024-02-25 05:18:05.289289,hn_03-09,1030.0,1723.0
2024-02-25 05:18:12.603603,hn_03-09,1030.0,1723.0
2024-02-25 05:18:19.793793,hn_03-09,1030.0,1723.0
2024-02-25 05:18:27.065065,hn_03-09,1030.0,1723.0
2024-02-25 05:18:34.268268,hn_03-09,1030.0,1723.0
2024-02-25 05:18:41.559559,hn_03-09,1030.0,1723.0
2024-02-25 05:18:48.805805,hn_03-09,1030.0,1723.0
2024-02-25 05:18:56.071071,hn_03-09,1030.0,1723.0
2024-02-25 05:19:03.366366,hn_03-09,1030.0,1723.0
2024-02-25 05:19:10.602602,hn_03-09,1030.0,1723.0
2024-02-25 05:19:17.863863,hn_03-09,1030.0,1723.0
2024-02-25 05:19:25.072072,hn_03-09,1030.0,1723.0
2024-02-25 05:19:32.361361,hn_03-09,1030.0,1723.0
2024-02-25 05:19:39.685685,hn_03-09,1030.0,1723.0
2024-02-25 05:19:47.018018,hn_03-09,1030.0,1723.0
2024-02-25 05:19:54.282800,hn_03-09,1030.0,1723.0
2024-02-25 05:20:01.628628,hn_03-09,1030.0,1723.0
2024-02-25 05:20:08.946946,hn_03-09,1030.0,1723.0
2024-02-25 05:20:16.171700,hn_03-09,1030.0,1723.0
2024-02-25 05:20:23.472472,hn_03-09,1030.0,1723.0
2024-02-25 05:20:30.759759,hn_03-09,1030.0,1723.0
2024-02-25 05:20:38.054054,hn_03-09,1030.0,1723.0
2024-02-25 05:20:45.303303,hn_03-09,1030.0,1723.0
2024-02-25 05:20:52.511511,hn_03-09,1030.0,1723.0
2024-02-25 05:20:59.896896,hn_03-09,1030.0,1723.0
2024-02-25 05:21:07.171171,hn_03-09,1030.0,1723.0
2024-02-25 05:21:14.538538,hn_03-09,1030.0,1723.0
2024-02-25 05:21:21.881881,hn_03-09,1030.0,1723.0
2024-02-25 05:21:29.177177,hn_03-09,1030.0,1723.0
2024-02-25 05:21:36.431431,hn_03-09,1030.0,1723.0
2024-02-25 05:21:43.738738,hn_03-09,1030.0,1723.0
2024-02-25 05:21:50.969969,hn_03-09,1030.0,1723.0
2024-02-25 05:21:58.203203,hn_03-09,1030.0,1723.0
2024-02-25 05:22:05.487487,hn_03-09,1030.0,1723.0
2024-02-25 05:22:12.787787,hn_03-09,1030.0,1723.0
2024-02-25 05:22:19.976976,hn_03-09,1030.0,1723.0
2024-02-25 05:22:27.216216,hn_03-09,1030.0,1723.0
2024-02-25 05:22:34.519519,hn_03-09,1030.0,1723.0
2024-02-25 05:22:41.833833,hn_03-09,1030.0,1723.0
2024-02-25 05:22:49.106106,hn_03-09,1030.0,1723.0
2024-02-25 05:22:56.406406,hn_03-09,1030.0,1723.0
2024-02-25 05:23:03.643643,hn_03-09,1030.0,1723.0
2024-02-25 05:23:10.959959,hn_03-09,1030.0,1723.0
2024-02-25 05:23:18.221221,hn_03-09,1030.0,1723.0
2024-02-25 05:23:25.483483,hn_03-09,1030.0,1723.0
2024-02-25 05:23:32.785785,hn_03-09,1030.0,1723.0
2024-02-25 05:23:40.060600,hn_03-09,1030.0,1723.0
2024-02-25 05:23:47.291291,hn_03-09,1030.0,1723.0
2024-02-25 05:23:54.608608,hn_03-09,1030.0,1723.0
2024-02-25 05:24:01.905905,hn_03-09,1030.0,1723.0
2024-02-25 05:24:09.207207,hn_03-09,1030.0,1723.0
2024-02-25 05:24:16.515100,hn_03-09,1030.0,1723.0
2024-02-25 05:24:23.813813,hn_03-09,1030.0,1723.0
2024-02-25 05:24:31.041041,hn_03-09,1030.0,1723.0
2024-02-25 05:24:38.277277,hn_03-09,1030.0,1723.0
2024-02-25 05:24:45.488488,hn_03-09,1030.0,1723.0
2024-02-25 05:24:52.845845,hn_03-09,1030.0,1723.0
2024-02-25 05:25:00.115115,hn_03-09,1030.0,1723.0
2024-02-25 05:25:07.419419,hn_03-09,1030.0,1723.0
2024-02-25 05:25:14.711711,hn_03-09,1030.0,1723.0
2024-02-25 05:25:21.954954,hn_03-09,1030.0,1723.0
2024-02-25 05:25:29.198198,hn_03-09,1030.0,1723.0
2024-02-25 05:25:36.429429,hn_03-09,1030.0,1723.0
2024-02-25 05:25:43.685685,hn_03-09,1030.0,1723.0
2024-02-25 05:25:50.931931,hn_03-09,1030.0,1723.0
2024-02-25 05:25:58.212100,hn_03-09,1030.0,1723.0
2024-02-25 05:26:05.412412,hn_03-09,1030.0,1723.0
2024-02-25 05:26:12.697697,hn_03-09,1030.0,1723.0
2024-02-25 05:26:19.986986,hn_03-09,1030.0,1723.0
2024-02-25 05:26:27.318318,hn_03-09,1030.0,1723.0
2024-02-25 05:26:34.648648,hn_03-09,1030.0,1723.0
2024-02-25 05:26:41.856856,hn_03-09,1030.0,1723.0
2024-02-25 05:26:49.167167,hn_03-09,1030.0,1723.0
2024-02-25 05:26:56.493493,hn_03-09,1030.0,1723.0
2024-02-25 05:27:03.806806,hn_03-09,1030.0,1723.0
2024-02-25 05:27:11.143143,hn_03-09,1030.0,1723.0
2024-02-25 05:27:18.363600,hn_03-09,1030.0,1723.0
2024-02-25 05:27:25.628628,hn_03-09,1030.0,1723.0
2024-02-25 05:27:32.912912,hn_03-09,1030.0,1723.0
2024-02-25 05:27:40.121200,hn_03-09,1030.0,1723.0
2024-02-25 05:27:47.319319,hn_03-09,1030.0,1723.0
2024-02-25 05:27:54.608608,hn_03-09,1030.0,1723.0
2024-02-25 05:28:01.868868,hn_03-09,1030.0,1723.0
2024-02-25 05:28:09.128128,hn_03-09,1030.0,1723.0
2024-02-25 05:28:16.377377,hn_03-09,1030.0,1723.0
2024-02-25 05:28:23.648648,hn_03-09,1030.0,1723.0
2024-02-25 05:28:30.934934,hn_03-09,1030.0,1723.0
2024-02-25 05:28:38.288288,hn_03-09,1030.0,1723.0
2024-02-25 05:28:45.645645,hn_03-09,1030.0,1723.0
2024-02-25 05:28:52.964964,hn_03-09,1030.0,1723.0
2024-02-25 05:29:00.247247,hn_03-09,1030.0,1723.0
2024-02-25 05:29:07.621621,hn_03-09,1030.0,1723.0
2024-02-25 05:29:14.827827,hn_03-09,1030.0,1723.0
2024-02-25 05:29:22.002002,hn_03-09,1030.0,1723.0
2024-02-25 05:29:29.249249,hn_03-09,1030.0,1723.0
2024-02-25 05:29:36.481481,hn_03-09,1030.0,1723.0
2024-02-25 05:29:43.719719,hn_03-09,1030.0,1723.0
2024-02-25 05:29:50.981981,hn_03-09,1030.0,1723.0
2024-02-25 05:29:58.316316,hn_03-09,1030.0,1723.0
2024-02-25 05:30:05.551551,hn_03-09,1030.0,1723.0
2024-02-25 05:30:12.788788,hn_03-09,1030.0,1723.0
2024-02-25 05:30:20.043043,hn_03-09,1030.0,1723.0
2024-02-25 05:30:27.306306,hn_03-09,1030.0,1723.0
2024-02-25 05:30:34.572572,hn_03-09,1030.0,1723.0
2024-02-25 05:30:41.797797,hn_03-09,1030.0,1723.0
2024-02-25 05:30:49.091091,hn_03-09,1030.0,1723.0
2024-02-25 05:30:56.301301,hn_03-09,1030.0,1723.0
2024-02-25 05:31:03.581581,hn_03-09,1030.0,1723.0
2024-02-25 05:31:10.772772,hn_03-09,1030.0,1723.0
2024-02-25 05:31:18.040400,hn_03-09,1030.0,1723.0
2024-02-25 05:31:25.309309,hn_03-09,1030.0,1723.0
2024-02-25 05:31:32.635635,hn_03-09,1030.0,1723.0
2024-02-25 05:31:39.919100,hn_03-09,1030.0,1723.0
2024-02-25 05:31:47.109109,hn_03-09,1030.0,1723.0
2024-02-25 05:31:54.307307,hn_03-09,1030.0,1723.0
2024-02-25 05:32:01.569569,hn_03-09,1030.0,1723.0
2024-02-25 05:32:08.864864,hn_03-09,1030.0,1723.0
2024-02-25 05:32:16.207207,hn_03-09,1030.0,1723.0
2024-02-25 05:32:23.535300,hn_03-09,1030.0,1723.0
2024-02-25 05:32:30.771771,hn_03-09,1030.0,1723.0
2024-02-25 05:32:38.066066,hn_03-09,1030.0,1723.0
2024-02-25 05:32:45.431431,hn_03-09,1030.0,1723.0
2024-02-25 05:32:52.768768,hn_03-09,1030.0,1723.0
2024-02-25 05:33:00.095095,hn_03-09,1030.0,1723.0
2024-02-25 05:33:07.443443,hn_03-09,1030.0,1723.0
2024-02-25 05:33:14.726726,hn_03-09,1030.0,1723.0
2024-02-25 05:33:21.982982,hn_03-09,1030.0,1723.0
2024-02-25 05:33:29.186186,hn_03-09,1030.0,1723.0
2024-02-25 05:33:36.488488,hn_03-09,1030.0,1723.0
2024-02-25 05:33:43.787800,hn_03-09,1030.0,1723.0
2024-02-25 05:33:51.069069,hn_03-09,1030.0,1723.0
2024-02-25 05:33:58.345345,hn_03-09,1030.0,1723.0
2024-02-25 05:34:05.554554,hn_03-09,1030.0,1723.0
2024-02-25 05:34:12.851851,hn_03-09,1030.0,1723.0
2024-02-25 05:34:20.065065,hn_03-09,1030.0,1723.0
2024-02-25 05:34:27.326326,hn_03-09,1030.0,1723.0
2024-02-25 05:34:34.612612,hn_03-09,1030.0,1723.0
2024-02-25 05:34:41.827827,hn_03-09,1030.0,1723.0
2024-02-25 05:34:49.088088,hn_03-09,1030.0,1723.0
2024-02-25 05:34:56.404404,hn_03-09,1030.0,1723.0
2024-02-25 05:35:03.607607,hn_03-09,1030.0,1723.0
2024-02-25 05:35:10.871871,hn_03-09,1030.0,1723.0
2024-02-25 05:35:18.109109,hn_03-09,1030.0,1723.0
2024-02-25 05:35:25.411411,hn_03-09,1030.0,1723.0
2024-02-25 05:35:32.611611,hn_03-09,1030.0,1723.0
2024-02-25 05:35:39.852852,hn_03-09,1030.0,1723.0
2024-02-25 05:35:47.153153,hn_03-09,1030.0,1723.0
2024-02-25 05:35:54.426426,hn_03-09,1030.0,1723.0
2024-02-25 05:36:01.745745,hn_03-09,1030.0,1723.0
2024-02-25 05:36:09.073073,hn_03-09,1030.0,1723.0
2024-02-25 05:36:16.384384,hn_03-09,1030.0,1723.0
2024-02-25 05:36:23.662662,hn_03-09,1030.0,1723.0
2024-02-25 05:36:30.919919,hn_03-09,1030.0,1723.0
2024-02-25 05:36:38.269269,hn_03-09,1030.0,1723.0
2024-02-25 05:36:45.486486,hn_03-09,1030.0,1723.0
2024-02-25 05:36:52.869869,hn_03-09,1030.0,1723.0
2024-02-25 05:37:02.052052,hn_03-09,1030.0,1723.0
2024-02-25 05:37:09.782782,hn_03-09,1030.0,1723.0
2024-02-25 05:37:17.094094,hn_03-09,1030.0,1723.0
2024-02-25 05:37:24.364364,hn_03-09,1030.0,1723.0
2024-02-25 05:37:31.688688,hn_03-09,1030.0,1723.0
2024-02-25 05:37:38.929200,hn_03-09,1030.0,1723.0
2024-02-25 05:37:46.181800,hn_03-09,1030.0,1723.0
2024-02-25 05:37:53.414100,hn_03-09,1030.0,1723.0
2024-02-25 05:38:00.577577,hn_03-09,1030.0,1723.0
2024-02-25 05:38:07.799799,hn_03-09,1030.0,1723.0
2024-02-25 05:38:15.068068,hn_03-09,1030.0,1723.0
2024-02-25 05:38:22.343400,hn_03-09,1030.0,1723.0
2024-02-25 05:38:29.602602,hn_03-09,1030.0,1723.0
2024-02-25 05:38:36.793793,hn_03-09,1030.0,1723.0
2024-02-25 05:38:44.045045,hn_03-09,1030.0,1723.0
2024-02-25 05:38:51.232232,hn_03-09,1030.0,1723.0
2024-02-25 05:38:58.477477,hn_03-09,1030.0,1723.0
2024-02-25 05:39:05.770000,hn_03-09,1030.0,1723.0
2024-02-25 05:39:12.989800,hn_03-09,1030.0,1723.0
2024-02-25 05:39:20.171171,hn_03-09,1030.0,1723.0
2024-02-25 05:39:27.413413,hn_03-09,1030.0,1723.0
2024-02-25 05:39:34.691691,hn_03-09,1030.0,1723.0
2024-02-25 05:39:41.933933,hn_03-09,1030.0,1723.0
2024-02-25 05:39:49.189189,hn_03-09,1030.0,1723.0
2024-02-25 05:39:56.495495,hn_03-09,1030.0,1723.0
2024-02-25 05:40:03.732732,hn_03-09,1030.0,1723.0
2024-02-25 05:40:10.976976,hn_03-09,1030.0,1723.0
2024-02-25 05:40:18.245245,hn_03-09,1030.0,1723.0
2024-02-25 05:40:25.462462,hn_03-09,1030.0,1723.0
2024-02-25 05:40:32.704704,hn_03-09,1030.0,1723.0
2024-02-25 05:40:39.995995,hn_03-09,1030.0,1723.0
2024-02-25 05:40:47.292900,hn_03-09,1030.0,1723.0
2024-02-25 05:40:54.576576,hn_03-09,1030.0,1723.0
2024-02-25 05:41:01.842842,hn_03-09,1030.0,1723.0
2024-02-25 05:41:09.089089,hn_03-09,1030.0,1723.0
2024-02-25 05:41:16.265265,hn_03-09,1030.0,1723.0
2024-02-25 05:41:23.548548,hn_03-09,1030.0,1723.0
2024-02-25 05:41:30.842842,hn_03-09,1030.0,1723.0
2024-02-25 05:41:38.138138,hn_03-09,1030.0,1723.0
2024-02-25 05:41:45.364364,hn_03-09,1030.0,1723.0
2024-02-25 05:41:52.628628,hn_03-09,1030.0,1723.0
2024-02-25 05:41:59.806806,hn_03-09,1030.0,1723.0
2024-02-25 05:42:07.146146,hn_03-09,1030.0,1723.0
2024-02-25 05:42:14.441441,hn_03-09,1030.0,1723.0
2024-02-25 05:42:21.655655,hn_03-09,1030.0,1723.0
2024-02-25 05:42:28.951951,hn_03-09,1030.0,1723.0
2024-02-25 05:42:36.203203,hn_03-09,1030.0,1723.0
2024-02-25 05:42:43.511511,hn_03-09,1030.0,1723.0
2024-02-25 05:42:50.799799,hn_03-09,1030.0,1723.0
2024-02-25 05:42:58.057057,hn_03-09,1030.0,1723.0
2024-02-25 05:43:05.259259,hn_03-09,1030.0,1723.0
2024-02-25 05:43:12.568568,hn_03-09,1030.0,1723.0
2024-02-25 05:43:19.759759,hn_03-09,1030.0,1723.0
2024-02-25 05:43:27.032032,hn_03-09,1030.0,1723.0
2024-02-25 05:43:34.282800,hn_03-09,1030.0,1723.0
2024-02-25 05:43:41.538538,hn_03-09,1030.0,1723.0
2024-02-25 05:43:48.728728,hn_03-09,1030.0,1723.0
2024-02-25 05:43:55.962962,hn_03-09,1030.0,1723.0
2024-02-25 05:44:03.212100,hn_03-09,1030.0,1723.0
2024-02-25 05:44:10.518518,hn_03-09,1030.0,1723.0
2024-02-25 05:44:17.848848,hn_03-09,1030.0,1723.0
2024-02-25 05:44:25.151500,hn_03-09,1030.0,1723.0
2024-02-25 05:44:32.453453,hn_03-09,1030.0,1723.0
2024-02-25 05:44:39.758758,hn_03-09,1030.0,1723.0
2024-02-25 05:44:47.077077,hn_03-09,1033.0,1730.5
2024-02-25 05:44:54.368368,hn_03-09,1030.0,1723.0
2024-02-25 05:45:01.717717,hn_03-09,1030.0,1723.0
2024-02-25 05:45:09.042042,hn_03-09,1030.0,1723.0
2024-02-25 05:45:16.356356,hn_03-09,1030.0,1723.0
2024-02-25 05:45:23.552552,hn_03-09,1030.0,1723.0
2024-02-25 05:45:30.817817,hn_03-09,1030.0,1723.0
2024-02-25 05:45:38.053053,hn_03-09,1030.0,1723.0
2024-02-25 05:45:45.353353,hn_03-09,1030.0,1723.0
2024-02-25 05:45:52.629629,hn_03-09,1030.0,1723.0
2024-02-25 05:45:59.875875,hn_03-09,1030.0,1723.0
2024-02-25 05:46:07.151500,hn_03-09,1030.0,1723.0
2024-02-25 05:46:14.377377,hn_03-09,1030.0,1723.0
2024-02-25 05:46:21.671671,hn_03-09,1030.0,1723.0
2024-02-25 05:46:28.953953,hn_03-09,1030.0,1723.0
2024-02-25 05:46:36.253253,hn_03-09,1030.0,1723.0
2024-02-25 05:46:43.535535,hn_03-09,1030.0,1723.0
2024-02-25 05:46:50.755755,hn_03-09,1030.0,1723.0
2024-02-25 05:46:58.026026,hn_03-09,1030.0,1723.0
2024-02-25 05:47:05.278278,hn_03-09,1030.0,1723.0
2024-02-25 05:47:12.576576,hn_03-09,1030.0,1723.0
2024-02-25 05:47:19.878700,hn_03-09,1030.0,1723.0
2024-02-25 05:47:27.103103,hn_03-09,1030.0,1723.0
2024-02-25 05:47:34.374374,hn_03-09,1030.0,1723.0
2024-02-25 05:47:41.631631,hn_03-09,1030.0,1723.0
2024-02-25 05:47:48.868600,hn_03-09,1030.0,1723.0
2024-02-25 05:47:56.135135,hn_03-09,1030.0,1723.0
2024-02-25 05:48:03.397397,hn_03-09,1030.0,1723.0
2024-02-25 05:48:10.649649,hn_03-09,1030.0,1723.0
2024-02-25 05:48:17.946946,hn_03-09,1030.0,1723.0
2024-02-25 05:48:25.179179,hn_03-09,1030.0,1723.0
2024-02-25 05:48:32.444400,hn_03-09,1030.0,1723.0
2024-02-25 05:48:39.784784,hn_03-09,1030.0,1723.0
2024-02-25 05:48:47.080800,hn_03-09,1030.0,1723.0
2024-02-25 05:48:54.338338,hn_03-09,1030.0,1723.0
2024-02-25 05:49:01.586586,hn_03-09,1030.0,1723.0
2024-02-25 05:49:08.886886,hn_03-09,1030.0,1723.0
2024-02-25 05:49:16.118118,hn_03-09,1030.0,1723.0
2024-02-25 05:49:23.379379,hn_03-09,1030.0,1723.0
2024-02-25 05:49:30.583583,hn_03-09,1030.0,1723.0
2024-02-25 05:49:37.867867,hn_03-09,1030.0,1723.0
2024-02-25 05:49:45.161161,hn_03-09,1030.0,1723.0
2024-02-25 05:49:52.431431,hn_03-09,1030.0,1723.0
2024-02-25 05:49:59.666666,hn_03-09,1030.0,1723.0
2024-02-25 05:50:06.949400,hn_03-09,1030.0,1723.0
2024-02-25 05:50:14.104104,hn_03-09,1030.0,1723.0
2024-02-25 05:50:21.341341,hn_03-09,1030.0,1723.0
2024-02-25 05:50:28.538538,hn_03-09,1030.0,1723.0
2024-02-25 05:50:35.797797,hn_03-09,1030.0,1723.0
2024-02-25 05:50:43.055055,hn_03-09,1030.0,1723.0
2024-02-25 05:50:50.307307,hn_03-09,1030.0,1723.0
2024-02-25 05:50:57.519519,hn_03-09,1030.0,1723.0
2024-02-25 05:51:04.793793,hn_03-09,1030.0,1723.0
2024-02-25 05:51:12.101101,hn_03-09,1030.0,1723.0
2024-02-25 05:51:19.361361,hn_03-09,1030.0,1723.0
2024-02-25 05:51:26.615615,hn_03-09,1030.0,1723.0
2024-02-25 05:51:33.874874,hn_03-09,1030.0,1723.0
2024-02-25 05:51:41.081081,hn_03-09,1030.0,1723.0
2024-02-25 05:51:48.401401,hn_03-09,1030.0,1723.0
2024-02-25 05:51:55.757500,hn_03-09,1030.0,1723.0
2024-02-25 05:52:03.034034,hn_03-09,1030.0,1723.0
2024-02-25 05:52:10.407407,hn_03-09,1030.0,1723.0
2024-02-25 05:52:17.725725,hn_03-09,1030.0,1723.0
2024-02-25 05:52:24.996996,hn_03-09,1030.0,1723.0
2024-02-25 05:52:32.266266,hn_03-09,1030.0,1723.0
2024-02-25 05:52:39.576576,hn_03-09,1030.0,1723.0
2024-02-25 05:52:46.869869,hn_03-09,1030.0,1723.0
2024-02-25 05:52:54.224224,hn_03-09,1030.0,1723.0
2024-02-25 05:53:01.433433,hn_03-09,1030.0,1723.0
2024-02-25 05:53:08.679679,hn_03-09,1030.0,1723.0
2024-02-25 05:53:15.981981,hn_03-09,1030.0,1723.0
2024-02-25 05:53:23.151500,hn_03-09,1030.0,1723.0
2024-02-25 05:53:30.343400,hn_03-09,1030.0,1723.0
2024-02-25 05:53:37.571571,hn_03-09,1030.0,1723.0
2024-02-25 05:53:44.823823,hn_03-09,1030.0,1723.0
2024-02-25 05:53:52.057057,hn_03-09,1030.0,1723.0
2024-02-25 05:53:59.323200,hn_03-09,1030.0,1723.0
2024-02-25 05:54:06.609609,hn_03-09,1030.0,1723.0
2024-02-25 05:54:13.864864,hn_03-09,1030.0,1723.0
2024-02-25 05:54:21.071071,hn_03-09,1030.0,1723.0
2024-02-25 05:54:28.346346,hn_03-09,1030.0,1723.0
2024-02-25 05:54:35.622622,hn_03-09,1030.0,1723.0
2024-02-25 05:54:42.876876,hn_03-09,1030.0,1723.0
2024-02-25 05:54:50.062062,hn_03-09,1030.0,1723.0
2024-02-25 05:54:57.285285,hn_03-09,1030.0,1723.0
2024-02-25 05:55:04.595900,hn_03-09,1030.0,1723.0
2024-02-25 05:55:11.859859,hn_03-09,1030.0,1723.0
2024-02-25 05:55:19.151500,hn_03-09,1030.0,1723.0
2024-02-25 05:55:26.378378,hn_03-09,1030.0,1723.0
2024-02-25 05:55:33.612612,hn_03-09,1030.0,1723.0
2024-02-25 05:55:40.779779,hn_03-09,1030.0,1723.0
2024-02-25 05:55:47.994994,hn_03-09,1030.0,1723.0
2024-02-25 05:55:55.179179,hn_03-09,1030.0,1723.0
2024-02-25 05:56:02.497497,hn_03-09,1030.0,1723.0
2024-02-25 05:56:09.766766,hn_03-09,1030.0,1723.0
2024-02-25 05:56:17.108108,hn_03-09,1030.0,1723.0
2024-02-25 05:56:24.383383,hn_03-09,1030.0,1723.0
2024-02-25 05:56:31.587587,hn_03-09,1030.0,1723.0
2024-02-25 05:56:38.873873,hn_03-09,1030.0,1723.0
2024-02-25 05:56:46.182182,hn_03-09,1030.0,1723.0
2024-02-25 05:56:53.527527,hn_03-09,1030.0,1723.0
2024-02-25 05:57:00.821821,hn_03-09,1030.0,1723.0
2024-02-25 05:57:08.109109,hn_03-09,1030.0,1723.0
2024-02-25 05:57:15.391391,hn_03-09,1030.0,1723.0
2024-02-25 05:57:23.042042,hn_03-09,1030.0,1723.0
2024-02-25 05:57:30.695695,hn_03-09,1030.0,1723.0
2024-02-25 05:57:38.073073,hn_03-09,1030.0,1723.0
2024-02-25 05:57:45.256256,hn_03-09,1030.0,1723.0
2024-02-25 05:57:52.498498,hn_03-09,1030.0,1723.0
2024-02-25 05:57:59.823823,hn_03-09,1030.0,1723.0
2024-02-25 05:58:07.135135,hn_03-09,1030.0,1723.0
2024-02-25 05:58:14.429429,hn_03-09,1030.0,1723.0
2024-02-25 05:58:21.758758,hn_03-09,1030.0,1723.0
2024-02-25 05:58:29.025025,hn_03-09,1030.0,1723.0
2024-02-25 05:58:36.197197,hn_03-09,1030.0,1723.0
2024-02-25 05:58:43.393393,hn_03-09,1030.0,1723.0
2024-02-25 05:58:50.692692,hn_03-09,1030.0,1723.0
2024-02-25 05:58:57.998998,hn_03-09,1030.0,1723.0
2024-02-25 05:59:05.333333,hn_03-09,1030.0,1723.0
2024-02-25 05:59:12.627627,hn_03-09,1030.0,1723.0
2024-02-25 05:59:19.886886,hn_03-09,1030.0,1723.0
2024-02-25 05:59:27.217217,hn_03-09,1030.0,1723.0
2024-02-25 05:59:34.498498,hn_03-09,1033.5,1747.0
2024-02-25 05:59:41.742742,hn_03-09,1030.0,1723.0
2024-02-25 05:59:49.055055,hn_03-09,1030.0,1723.0
2024-02-25 05:59:56.292292,hn_03-09,1030.0,1723.0
2024-02-25 06:00:03.608608,hn_03-09,1030.0,1723.0
2024-02-25 06:00:10.990000,hn_03-09,1030.0,1723.0
2024-02-25 06:00:18.276276,hn_03-09,1030.0,1723.0
2024-02-25 06:00:25.598598,hn_03-09,1030.0,1723.0
2024-02-25 06:00:32.929200,hn_03-09,1030.0,1723.0
2024-02-25 06:00:40.272700,hn_03-09,1030.0,1723.0
2024-02-25 06:00:47.529529,hn_03-09,1030.0,1723.0
2024-02-25 06:00:54.882882,hn_03-09,1030.0,1723.0
2024-02-25 06:01:02.128128,hn_03-09,1030.0,1723.0
2024-02-25 06:01:09.428428,hn_03-09,1030.0,1723.0
2024-02-25 06:01:16.727727,hn_03-09,1030.0,1723.0
2024-02-25 06:01:24.082082,hn_03-09,1030.0,1723.0
2024-02-25 06:01:31.357357,hn_03-09,1030.0,1723.0
2024-02-25 06:01:38.631631,hn_03-09,1030.0,1723.0
2024-02-25 06:01:45.876876,hn_03-09,1030.0,1723.0
2024-02-25 06:01:53.062062,hn_03-09,1030.0,1723.0
2024-02-25 06:02:00.277277,hn_03-09,1030.0,1723.0
2024-02-25 06:02:07.539539,hn_03-09,1030.0,1723.0
2024-02-25 06:02:14.747747,hn_03-09,1030.0,1723.0
2024-02-25 06:02:22.077077,hn_03-09,1030.0,1723.0
2024-02-25 06:02:29.345345,hn_03-09,1030.0,1723.0
2024-02-25 06:02:36.631631,hn_03-09,1030.0,1723.0
2024-02-25 06:02:43.895895,hn_03-09,1030.0,1723.0
2024-02-25 06:02:51.162162,hn_03-09,1030.0,1723.0
2024-02-25 06:02:58.475475,hn_03-09,1030.0,1723.0
2024-02-25 06:03:05.792792,hn_03-09,1030.0,1723.0
2024-02-25 06:03:13.114114,hn_03-09,1030.0,1723.0
2024-02-25 06:03:20.498498,hn_03-09,1030.0,1723.0
2024-02-25 06:03:27.805805,hn_03-09,1030.0,1723.0
2024-02-25 06:03:35.157157,hn_03-09,1030.0,1723.0
2024-02-25 06:03:42.479479,hn_03-09,1030.0,1723.0
2024-02-25 06:03:49.731731,hn_03-09,1030.0,1723.0
2024-02-25 06:03:56.949949,hn_03-09,1030.0,1723.0
2024-02-25 06:04:04.225225,hn_03-09,1030.0,1723.0
2024-02-25 06:04:11.469469,hn_03-09,1030.0,1723.0
2024-02-25 06:04:18.751751,hn_03-09,1030.0,1723.0
2024-02-25 06:04:25.938938,hn_03-09,1030.0,1723.0
2024-02-25 06:04:33.234234,hn_03-09,1030.0,1723.0
2024-02-25 06:04:40.537537,hn_03-09,1030.0,1723.0
2024-02-25 06:04:47.737300,hn_03-09,1030.0,1723.0
2024-02-25 06:04:55.013013,hn_03-09,1030.0,1723.0
2024-02-25 06:05:02.292900,hn_03-09,1030.0,1723.0
2024-02-25 06:05:09.512512,hn_03-09,1030.0,1723.0
2024-02-25 06:05:16.775775,hn_03-09,1030.0,1723.0
2024-02-25 06:05:24.081081,hn_03-09,1030.0,1723.0
2024-02-25 06:05:31.382382,hn_03-09,1030.0,1723.0
2024-02-25 06:05:38.695695,hn_03-09,1030.0,1723.0
2024-02-25 06:05:45.911911,hn_03-09,1030.0,1723.0
2024-02-25 06:05:53.091091,hn_03-09,1030.0,1723.0
2024-02-25 06:06:00.304304,hn_03-09,1030.0,1723.0
2024-02-25 06:06:07.604604,hn_03-09,1030.0,1723.0
2024-02-25 06:06:14.862862,hn_03-09,1030.0,1723.0
2024-02-25 06:06:22.164164,hn_03-09,1030.0,1723.0
2024-02-25 06:06:29.434434,hn_03-09,1030.0,1723.0
2024-02-25 06:06:36.628628,hn_03-09,1030.0,1723.0
2024-02-25 06:06:43.893893,hn_03-09,1030.0,1723.0
2024-02-25 06:06:51.184184,hn_03-09,1030.0,1723.0
2024-02-25 06:06:58.495495,hn_03-09,1030.0,1723.0
2024-02-25 06:07:05.725725,hn_03-09,1030.0,1723.0
2024-02-25 06:07:13.077077,hn_03-09,1030.0,1723.0
2024-02-25 06:07:20.367367,hn_03-09,1030.0,1723.0
2024-02-25 06:07:27.671671,hn_03-09,1030.0,1723.0
2024-02-25 06:07:34.990000,hn_03-09,1030.0,1723.0
2024-02-25 06:07:42.216216,hn_03-09,1030.0,1723.0
2024-02-25 06:07:49.462462,hn_03-09,1030.0,1723.0
2024-02-25 06:07:56.717100,hn_03-09,1030.0,1723.0
2024-02-25 06:08:04.011011,hn_03-09,1030.0,1723.0
2024-02-25 06:08:11.314314,hn_03-09,1030.0,1723.0
2024-02-25 06:08:18.602602,hn_03-09,1030.0,1723.0
2024-02-25 06:08:25.886886,hn_03-09,1030.0,1723.0
2024-02-25 06:08:33.149149,hn_03-09,1030.0,1723.0
2024-02-25 06:08:40.375375,hn_03-09,1030.0,1723.0
2024-02-25 06:08:47.614614,hn_03-09,1030.0,1723.0
2024-02-25 06:08:54.901901,hn_03-09,1030.0,1723.0
2024-02-25 06:09:02.169169,hn_03-09,1030.0,1723.0
2024-02-25 06:09:09.406406,hn_03-09,1030.0,1723.0
2024-02-25 06:09:16.696696,hn_03-09,1030.0,1723.0
2024-02-25 06:09:23.978978,hn_03-09,1030.0,1723.0
2024-02-25 06:09:31.227227,hn_03-09,1030.0,1723.0
2024-02-25 06:09:38.564564,hn_03-09,1030.0,1723.0
2024-02-25 06:09:45.865865,hn_03-09,1030.0,1723.0
2024-02-25 06:09:53.079079,hn_03-09,1030.0,1723.0
2024-02-25 06:10:00.355355,hn_03-09,1030.0,1723.0
2024-02-25 06:10:07.615615,hn_03-09,1030.0,1723.0
2024-02-25 06:10:14.951951,hn_03-09,1030.0,1723.0
2024-02-25 06:10:22.238238,hn_03-09,1030.0,1723.0
2024-02-25 06:10:29.499499,hn_03-09,1030.0,1723.0
2024-02-25 06:10:36.727727,hn_03-09,1030.0,1723.0
2024-02-25 06:10:43.999900,hn_03-09,1030.0,1723.0
2024-02-25 06:10:51.207207,hn_03-09,1030.0,1723.0
2024-02-25 06:10:58.507507,hn_03-09,1030.0,1723.0
2024-02-25 06:11:05.772772,hn_03-09,1030.0,1723.0
2024-02-25 06:11:13.016016,hn_03-09,1030.0,1723.0
2024-02-25 06:11:20.261261,hn_03-09,1030.0,1723.0
2024-02-25 06:11:27.618618,hn_03-09,1030.0,1723.0
2024-02-25 06:11:34.823823,hn_03-09,1030.0,1723.0
2024-02-25 06:11:42.110000,hn_03-09,1030.0,1723.0
2024-02-25 06:11:49.383383,hn_03-09,1030.0,1723.0
2024-02-25 06:11:56.647647,hn_03-09,1030.0,1723.0
2024-02-25 06:12:03.939939,hn_03-09,1030.0,1723.0
2024-02-25 06:12:11.262262,hn_03-09,1051.893,1745.62
2024-02-25 06:12:18.558558,hn_03-09,1030.0,1723.0
2024-02-25 06:12:25.747747,hn_03-09,1030.0,1723.0
2024-02-25 06:12:32.989800,hn_03-09,1030.0,1723.0
2024-02-25 06:12:40.269269,hn_03-09,1030.0,1723.0
2024-02-25 06:12:47.631631,hn_03-09,1030.0,1723.0
2024-02-25 06:12:54.923923,hn_03-09,1030.0,1723.0
2024-02-25 06:13:02.231231,hn_03-09,1030.0,1723.0
2024-02-25 06:13:09.535300,hn_03-09,1030.0,1723.0
2024-02-25 06:13:16.802802,hn_03-09,1030.0,1723.0
2024-02-25 06:13:24.094094,hn_03-09,1030.0,1723.0
2024-02-25 06:13:31.349349,hn_03-09,1030.0,1723.0
2024-02-25 06:13:38.656656,hn_03-09,1030.0,1723.0
2024-02-25 06:13:45.973973,hn_03-09,1030.0,1723.0
2024-02-25 06:13:53.318318,hn_03-09,1030.0,1723.0
2024-02-25 06:14:00.637637,hn_03-09,1030.0,1723.0
2024-02-25 06:14:07.865865,hn_03-09,1030.0,1723.0
2024-02-25 06:14:15.129129,hn_03-09,1030.0,1723.0
2024-02-25 06:14:22.413413,hn_03-09,1030.0,1723.0
2024-02-25 06:14:29.622622,hn_03-09,1030.0,1723.0
2024-02-25 06:14:36.893893,hn_03-09,1030.0,1723.0
2024-02-25 06:14:44.198198,hn_03-09,1030.0,1723.0
2024-02-25 06:14:51.454500,hn_03-09,1030.0,1723.0
2024-02-25 06:14:58.628628,hn_03-09,1030.0,1723.0
2024-02-25 06:15:05.848400,hn_03-09,1030.0,1723.0
2024-02-25 06:15:13.153153,hn_03-09,1030.0,1723.0
2024-02-25 06:15:20.339339,hn_03-09,1030.0,1723.0
2024-02-25 06:15:27.529529,hn_03-09,1030.0,1723.0
2024-02-25 06:15:34.808808,hn_03-09,1030.0,1723.0
2024-02-25 06:15:42.010100,hn_03-09,1030.0,1723.0
2024-02-25 06:15:49.206206,hn_03-09,1030.0,1723.0
2024-02-25 06:15:56.464464,hn_03-09,1030.0,1723.0
2024-02-25 06:16:03.732732,hn_03-09,1030.0,1723.0
2024-02-25 06:16:11.025025,hn_03-09,1030.0,1723.0
2024-02-25 06:16:18.404404,hn_03-09,1030.0,1723.0
2024-02-25 06:16:25.686686,hn_03-09,1030.0,1723.0
2024-02-25 06:16:33.004004,hn_03-09,1030.0,1723.0
2024-02-25 06:16:40.242242,hn_03-09,1030.0,1723.0
2024-02-25 06:16:47.535535,hn_03-09,1030.0,1723.0
2024-02-25 06:16:54.784784,hn_03-09,1030.0,1723.0
2024-02-25 06:17:02.048048,hn_03-09,1030.0,1723.0
2024-02-25 06:17:09.335335,hn_03-09,1030.0,1723.0
2024-02-25 06:17:16.613613,hn_03-09,1030.0,1723.0
2024-02-25 06:17:23.829829,hn_03-09,1030.0,1723.0
2024-02-25 06:17:31.081081,hn_03-09,1030.0,1723.0
2024-02-25 06:17:38.377377,hn_03-09,1030.0,1723.0
2024-02-25 06:17:45.635635,hn_03-09,1030.0,1723.0
2024-02-25 06:17:53.093093,hn_03-09,1030.0,1723.0
2024-02-25 06:18:00.505505,hn_03-09,1030.0,1723.0
2024-02-25 06:18:07.945945,hn_03-09,1030.0,1723.0
2024-02-25 06:18:15.488488,hn_03-09,1030.0,1723.0
2024-02-25 06:18:22.787800,hn_03-09,1030.0,1723.0
2024-02-25 06:18:29.994994,hn_03-09,1030.0,1723.0
2024-02-25 06:18:37.248248,hn_03-09,1030.0,1723.0
2024-02-25 06:18:44.424424,hn_03-09,1030.0,1723.0
2024-02-25 06:18:51.696696,hn_03-09,1030.0,1723.0
2024-02-25 06:18:58.956956,hn_03-09,1030.0,1723.0
2024-02-25 06:19:06.282282,hn_03-09,1030.0,1723.0
2024-02-25 06:19:13.566566,hn_03-09,1030.0,1723.0
2024-02-25 06:19:20.831831,hn_03-09,1030.0,1723.0
2024-02-25 06:19:27.997997,hn_03-09,1030.0,1723.0
2024-02-25 06:19:35.161600,hn_03-09,1030.0,1723.0
2024-02-25 06:19:42.427427,hn_03-09,1030.0,1723.0
2024-02-25 06:19:49.724724,hn_03-09,1030.0,1723.0
2024-02-25 06:19:56.999999,hn_03-09,1030.0,1723.0
2024-02-25 06:20:04.288288,hn_03-09,1030.0,1723.0
2024-02-25 06:20:11.522522,hn_03-09,1030.0,1723.0
2024-02-25 06:20:18.876876,hn_03-09,1030.0,1723.0
2024-02-25 06:20:26.084084,hn_03-09,1030.0,1723.0
2024-02-25 06:20:33.321321,hn_03-09,1030.0,1723.0
2024-02-25 06:20:40.687687,hn_03-09,1030.0,1723.0
2024-02-25 06:20:47.924924,hn_03-09,1030.0,1723.0
2024-02-25 06:20:55.177177,hn_03-09,1030.0,1723.0
2024-02-25 06:21:02.391391,hn_03-09,1030.0,1723.0
2024-02-25 06:21:09.726726,hn_03-09,1030.0,1723.0
2024-02-25 06:21:16.992992,hn_03-09,1030.0,1723.0
2024-02-25 06:21:24.248248,hn_03-09,1030.0,1723.0
2024-02-25 06:21:31.579579,hn_03-09,1030.0,1723.0
2024-02-25 06:21:38.828828,hn_03-09,1030.0,1723.0
2024-02-25 06:21:46.094094,hn_03-09,1030.0,1723.0
2024-02-25 06:21:53.257257,hn_03-09,1030.0,1723.0
2024-02-25 06:22:00.518518,hn_03-09,1030.0,1723.0
2024-02-25 06:22:07.705705,hn_03-09,1033.396,1753.851
2024-02-25 06:22:14.947947,hn_03-09,1030.0,1723.0
2024-02-25 06:22:22.223223,hn_03-09,1030.0,1723.0
2024-02-25 06:22:29.523523,hn_03-09,1030.0,1723.0
2024-02-25 06:22:36.804804,hn_03-09,1030.0,1723.0
2024-02-25 06:22:44.049049,hn_03-09,1030.0,1723.0
2024-02-25 06:22:51.405405,hn_03-09,1030.0,1723.0
2024-02-25 06:22:58.763763,hn_03-09,1030.0,1723.0
2024-02-25 06:23:06.057057,hn_03-09,1030.0,1723.0
2024-02-25 06:23:13.359359,hn_03-09,1030.0,1723.0
2024-02-25 06:23:20.616100,hn_03-09,1030.0,1723.0
2024-02-25 06:23:27.938938,hn_03-09,1030.0,1723.0
2024-02-25 06:23:35.203203,hn_03-09,1030.0,1723.0
2024-02-25 06:23:42.459459,hn_03-09,1030.0,1723.0
2024-02-25 06:23:49.736736,hn_03-09,1030.0,1723.0
2024-02-25 06:23:57.026026,hn_03-09,1030.0,1723.0
2024-02-25 06:24:04.333300,hn_03-09,1030.0,1723.0
2024-02-25 06:24:11.617617,hn_03-09,1030.0,1723.0
2024-02-25 06:24:18.867867,hn_03-09,1030.0,1723.0
2024-02-25 06:24:26.147147,hn_03-09,1030.0,1723.0
2024-02-25 06:24:33.427427,hn_03-09,1030.0,1723.0
2024-02-25 06:24:40.598598,hn_03-09,1030.0,1723.0
2024-02-25 06:24:47.892892,hn_03-09,1030.0,1723.0
2024-02-25 06:24:55.208208,hn_03-09,1030.0,1723.0
2024-02-25 06:25:02.454454,hn_03-09,1030.0,1723.0
2024-02-25 06:25:09.638638,hn_03-09,1030.0,1723.0
2024-02-25 06:25:16.885885,hn_03-09,1030.0,1723.0
2024-02-25 06:25:24.068068,hn_03-09,1030.0,1723.0
2024-02-25 06:25:31.285285,hn_03-09,1030.0,1723.0
2024-02-25 06:25:38.559559,hn_03-09,1030.0,1723.0
2024-02-25 06:25:45.728728,hn_03-09,1030.0,1723.0
2024-02-25 06:25:53.005005,hn_03-09,1030.0,1723.0
2024-02-25 06:26:00.235235,hn_03-09,1030.0,1723.0
2024-02-25 06:26:07.488488,hn_03-09,1030.0,1723.0
2024-02-25 06:26:14.734734,hn_03-09,1030.0,1723.0
2024-02-25 06:26:22.024024,hn_03-09,1030.0,1723.0
2024-02-25 06:26:29.198198,hn_03-09,1030.0,1723.0
2024-02-25 06:26:36.455455,hn_03-09,1030.0,1723.0
2024-02-25 06:26:43.714714,hn_03-09,1030.0,1723.0
2024-02-25 06:26:50.949949,hn_03-09,1030.0,1723.0
2024-02-25 06:26:58.119119,hn_03-09,1030.0,1723.0
2024-02-25 06:27:05.317317,hn_03-09,1030.0,1723.0
2024-02-25 06:27:12.489489,hn_03-09,1030.0,1723.0
2024-02-25 06:27:19.683683,hn_03-09,1030.0,1723.0
2024-02-25 06:27:26.919100,hn_03-09,1030.0,1723.0
2024-02-25 06:27:34.181181,hn_03-09,1030.0,1723.0
2024-02-25 06:27:41.476476,hn_03-09,1030.0,1723.0
2024-02-25 06:27:48.718718,hn_03-09,1030.0,1723.0
2024-02-25 06:27:55.939300,hn_03-09,1030.0,1723.0
2024-02-25 06:28:03.158158,hn_03-09,1030.0,1723.0
2024-02-25 06:28:10.361361,hn_03-09,1030.0,1723.0
2024-02-25 06:28:17.611611,hn_03-09,1030.0,1723.0
2024-02-25 06:28:24.883883,hn_03-09,1030.0,1723.0
2024-02-25 06:28:32.131131,hn_03-09,1030.0,1723.0
2024-02-25 06:28:39.419419,hn_03-09,1030.0,1723.0
2024-02-25 06:28:46.645645,hn_03-09,1030.0,1723.0
2024-02-25 06:28:53.889889,hn_03-09,1030.0,1723.0
2024-02-25 06:29:01.141141,hn_03-09,1030.0,1723.0
2024-02-25 06:29:08.473473,hn_03-09,1030.0,1723.0
2024-02-25 06:29:15.799799,hn_03-09,1030.0,1723.0
2024-02-25 06:29:23.135135,hn_03-09,1030.0,1723.0
2024-02-25 06:29:30.312312,hn_03-09,1030.0,1723.0
2024-02-25 06:29:37.595595,hn_03-09,1030.0,1723.0
2024-02-25 06:29:44.859859,hn_03-09,1030.0,1723.0
2024-02-25 06:29:52.119119,hn_03-09,1030.0,1723.0
2024-02-25 06:29:59.321321,hn_03-09,1030.0,1723.0
2024-02-25 06:30:06.575575,hn_03-09,1030.0,1723.0
2024-02-25 06:30:13.923923,hn_03-09,1030.0,1723.0
2024-02-25 06:30:21.166166,hn_03-09,1030.0,1723.0
2024-02-25 06:30:28.475475,hn_03-09,1030.0,1723.0
2024-02-25 06:30:35.707707,hn_03-09,1030.0,1723.0
2024-02-25 06:30:43.033033,hn_03-09,1030.0,1723.0
2024-02-25 06:30:50.228228,hn_03-09,1030.0,1723.0
2024-02-25 06:30:57.483483,hn_03-09,1030.0,1723.0
2024-02-25 06:31:04.687687,hn_03-09,1030.0,1723.0
2024-02-25 06:31:11.903903,hn_03-09,1030.0,1723.0
2024-02-25 06:31:19.169169,hn_03-09,1030.0,1723.0
2024-02-25 06:31:26.442442,hn_03-09,1030.0,1723.0
2024-02-25 06:31:33.712712,hn_03-09,1030.0,1723.0
2024-02-25 06:31:40.939300,hn_03-09,1030.0,1723.0
2024-02-25 06:31:48.099099,hn_03-09,1030.0,1723.0
2024-02-25 06:31:55.316316,hn_03-09,1030.0,1723.0
2024-02-25 06:32:02.557557,hn_03-09,1030.0,1723.0
2024-02-25 06:32:09.871871,hn_03-09,1030.0,1723.0
2024-02-25 06:32:17.185185,hn_03-09,1030.0,1723.0
2024-02-25 06:32:24.431431,hn_03-09,1030.0,1723.0
2024-02-25 06:32:31.626626,hn_03-09,1030.0,1723.0
2024-02-25 06:32:38.909909,hn_03-09,1030.0,1723.0
2024-02-25 06:32:46.104104,hn_03-09,1030.0,1723.0
2024-02-25 06:32:53.371371,hn_03-09,1030.0,1723.0
2024-02-25 06:33:00.583583,hn_03-09,1030.0,1723.0
2024-02-25 06:33:07.867867,hn_03-09,1030.0,1723.0
2024-02-25 06:33:15.094094,hn_03-09,1030.0,1723.0
2024-02-25 06:33:22.422422,hn_03-09,1030.0,1723.0
2024-02-25 06:33:29.698698,hn_03-09,1030.0,1723.0
2024-02-25 06:33:36.982982,hn_03-09,1030.0,1723.0
2024-02-25 06:33:44.198198,hn_03-09,1030.0,1723.0
2024-02-25 06:33:51.477477,hn_03-09,1030.0,1723.0
2024-02-25 06:33:58.778778,hn_03-09,1030.0,1723.0
2024-02-25 06:34:06.043043,hn_03-09,1030.0,1723.0
2024-02-25 06:34:13.285285,hn_03-09,1030.0,1723.0
2024-02-25 06:34:20.543543,hn_03-09,1030.0,1723.0
2024-02-25 06:34:27.778778,hn_03-09,1030.0,1723.0
2024-02-25 06:34:35.071071,hn_03-09,1030.0,1723.0
2024-02-25 06:34:42.368368,hn_03-09,1030.0,1723.0
2024-02-25 06:34:49.666600,hn_03-09,1030.0,1723.0
2024-02-25 06:34:56.919919,hn_03-09,1030.0,1723.0
2024-02-25 06:35:04.206206,hn_03-09,1030.0,1723.0
2024-02-25 06:35:11.474700,hn_03-09,1030.0,1723.0
2024-02-25 06:35:18.733733,hn_03-09,1030.0,1723.0
2024-02-25 06:35:25.898898,hn_03-09,1030.0,1723.0
2024-02-25 06:35:33.159159,hn_03-09,1030.0,1723.0
2024-02-25 06:35:40.444444,hn_03-09,1030.0,1723.0
2024-02-25 06:35:47.741741,hn_03-09,1030.0,1723.0
2024-02-25 06:35:54.997997,hn_03-09,1030.0,1723.0
2024-02-25 06:36:02.226226,hn_03-09,1030.0,1723.0
2024-02-25 06:36:09.431431,hn_03-09,1030.0,1723.0
2024-02-25 06:36:16.689689,hn_03-09,1030.0,1723.0
2024-02-25 06:36:24.048048,hn_03-09,1030.0,1723.0
2024-02-25 06:36:31.328328,hn_03-09,1030.0,1723.0
2024-02-25 06:36:38.685685,hn_03-09,1030.0,1723.0
2024-02-25 06:36:46.040400,hn_03-09,1030.0,1723.0
2024-02-25 06:36:53.335335,hn_03-09,1030.0,1723.0
2024-02-25 06:37:00.546546,hn_03-09,1030.0,1723.0
2024-02-25 06:37:07.781781,hn_03-09,1030.0,1723.0
2024-02-25 06:37:15.069069,hn_03-09,1030.0,1723.0
2024-02-25 06:37:22.356356,hn_03-09,1030.0,1723.0
2024-02-25 06:37:29.678678,hn_03-09,1030.0,1723.0
2024-02-25 06:37:36.992992,hn_03-09,1030.0,1723.0
2024-02-25 06:37:44.313313,hn_03-09,1030.0,1723.0
2024-02-25 06:37:51.634634,hn_03-09,1030.0,1723.0
2024-02-25 06:37:58.972972,hn_03-09,1030.0,1723.0
2024-02-25 06:38:06.241241,hn_03-09,1030.0,1723.0
2024-02-25 06:38:13.398398,hn_03-09,1030.0,1723.0
2024-02-25 06:38:20.686800,hn_03-09,1030.0,1723.0
2024-02-25 06:38:27.954954,hn_03-09,1030.0,1723.0
2024-02-25 06:38:35.287287,hn_03-09,1030.0,1723.0
2024-02-25 06:38:42.445445,hn_03-09,1030.0,1723.0
2024-02-25 06:38:49.717717,hn_03-09,1030.0,1723.0
2024-02-25 06:38:57.020200,hn_03-09,1030.0,1723.0
2024-02-25 06:39:04.299299,hn_03-09,1030.0,1723.0
2024-02-25 06:39:11.547547,hn_03-09,1030.0,1723.0
2024-02-25 06:39:18.729729,hn_03-09,1030.0,1723.0
2024-02-25 06:39:25.954954,hn_03-09,1030.0,1723.0
2024-02-25 06:39:33.174174,hn_03-09,1030.0,1723.0
2024-02-25 06:39:40.406406,hn_03-09,1030.0,1723.0
2024-02-25 06:39:47.679679,hn_03-09,1030.0,1723.0
2024-02-25 06:39:54.868600,hn_03-09,1030.0,1723.0
2024-02-25 06:40:02.093093,hn_03-09,1030.0,1723.0
2024-02-25 06:40:09.336336,hn_03-09,1030.0,1723.0
2024-02-25 06:40:16.595595,hn_03-09,1030.0,1723.0
2024-02-25 06:40:23.909909,hn_03-09,1030.0,1723.0
2024-02-25 06:40:31.232232,hn_03-09,1030.0,1723.0
2024-02-25 06:40:38.513513,hn_03-09,1030.0,1723.0
2024-02-25 06:40:45.797900,hn_03-09,1030.0,1723.0
2024-02-25 06:40:53.064064,hn_03-09,1030.0,1723.0
2024-02-25 06:41:00.247247,hn_03-09,1033.0,1763.5
2024-02-25 06:41:07.485485,hn_03-09,1030.0,1723.0
2024-02-25 06:41:14.755755,hn_03-09,1030.0,1723.0
2024-02-25 06:41:21.998998,hn_03-09,1030.0,1723.0
2024-02-25 06:41:29.222222,hn_03-09,1030.0,1723.0
2024-02-25 06:41:36.502502,hn_03-09,1030.0,1723.0
2024-02-25 06:41:43.789789,hn_03-09,1030.0,1723.0
2024-02-25 06:41:51.041041,hn_03-09,1030.0,1723.0
2024-02-25 06:41:58.271271,hn_03-09,1030.0,1723.0
2024-02-25 06:42:05.469469,hn_03-09,1030.0,1723.0
2024-02-25 06:42:12.724724,hn_03-09,1030.0,1723.0
2024-02-25 06:42:19.974974,hn_03-09,1030.0,1723.0
2024-02-25 06:42:27.226226,hn_03-09,1030.0,1723.0
2024-02-25 06:42:34.452452,hn_03-09,1030.0,1723.0
2024-02-25 06:42:41.732732,hn_03-09,1030.0,1723.0
2024-02-25 06:42:48.992992,hn_03-09,1030.0,1723.0
2024-02-25 06:42:56.286286,hn_03-09,1030.0,1723.0
2024-02-25 06:43:03.551551,hn_03-09,1030.0,1723.0
2024-02-25 06:43:10.838838,hn_03-09,1030.0,1723.0
2024-02-25 06:43:18.103103,hn_03-09,1030.0,1723.0
2024-02-25 06:43:25.339339,hn_03-09,1030.0,1723.0
2024-02-25 06:43:32.605605,hn_03-09,1030.0,1723.0
2024-02-25 06:43:39.896896,hn_03-09,1030.0,1723.0
2024-02-25 06:43:47.227227,hn_03-09,1030.0,1723.0
2024-02-25 06:43:54.594594,hn_03-09,1030.0,1723.0
2024-02-25 06:44:01.898898,hn_03-09,1030.0,1723.0
2024-02-25 06:44:09.147147,hn_03-09,1030.0,1723.0
2024-02-25 06:44:16.422422,hn_03-09,1030.0,1723.0
2024-02-25 06:44:23.686800,hn_03-09,1030.0,1723.0
2024-02-25 06:44:30.964964,hn_03-09,1030.0,1723.0
2024-02-25 06:44:38.228228,hn_03-09,1030.0,1723.0
2024-02-25 06:44:45.521521,hn_03-09,1030.0,1723.0
2024-02-25 06:44:52.823823,hn_03-09,1030.0,1723.0
2024-02-25 06:45:00.127127,hn_03-09,1030.0,1723.0
2024-02-25 06:45:07.363600,hn_03-09,1030.0,1723.0
2024-02-25 06:45:14.736736,hn_03-09,1030.0,1723.0
2024-02-25 06:45:21.939939,hn_03-09,1030.0,1723.0
2024-02-25 06:45:29.262600,hn_03-09,1030.0,1723.0
2024-02-25 06:45:36.441441,hn_03-09,1030.0,1723.0
2024-02-25 06:45:43.742742,hn_03-09,1030.0,1723.0
2024-02-25 06:45:51.030300,hn_03-09,1030.0,1723.0
2024-02-25 06:45:58.288288,hn_03-09,1030.0,1723.0
2024-02-25 06:46:05.616100,hn_03-09,1030.0,1723.0
2024-02-25 06:46:12.865865,hn_03-09,1030.0,1723.0
2024-02-25 06:46:20.114114,hn_03-09,1030.0,1723.0
2024-02-25 06:46:27.417417,hn_03-09,1030.0,1723.0
2024-02-25 06:46:34.614614,hn_03-09,1030.0,1723.0
2024-02-25 06:46:41.966966,hn_03-09,1030.0,1723.0
2024-02-25 06:46:49.257257,hn_03-09,1030.0,1723.0
2024-02-25 06:46:56.461461,hn_03-09,1030.0,1723.0
2024-02-25 06:47:03.667667,hn_03-09,1030.0,1723.0
2024-02-25 06:47:10.961961,hn_03-09,1030.0,1723.0
2024-02-25 06:47:18.249249,hn_03-09,1030.0,1723.0
2024-02-25 06:47:25.539539,hn_03-09,1030.0,1723.0
2024-02-25 06:47:32.838300,hn_03-09,1030.0,1723.0
2024-02-25 06:47:40.141400,hn_03-09,1030.0,1723.0
2024-02-25 06:47:47.435435,hn_03-09,1030.0,1723.0
2024-02-25 06:47:54.723723,hn_03-09,1030.0,1723.0
2024-02-25 06:48:01.987987,hn_03-09,1030.0,1723.0
2024-02-25 06:48:09.249249,hn_03-09,1030.0,1723.0
2024-02-25 06:48:16.515515,hn_03-09,1030.0,1723.0
2024-02-25 06:48:23.781781,hn_03-09,1030.0,1723.0
2024-02-25 06:48:30.995995,hn_03-09,1030.0,1723.0
2024-02-25 06:48:38.292900,hn_03-09,1030.0,1723.0
2024-02-25 06:48:45.547547,hn_03-09,1030.0,1723.0
2024-02-25 06:48:52.781781,hn_03-09,1030.0,1723.0
2024-02-25 06:49:00.096096,hn_03-09,1030.0,1723.0
2024-02-25 06:49:07.385385,hn_03-09,1030.0,1723.0
2024-02-25 06:49:14.641641,hn_03-09,1030.0,1723.0
2024-02-25 06:49:21.961961,hn_03-09,1030.0,1723.0
2024-02-25 06:49:29.224224,hn_03-09,1030.0,1723.0
2024-02-25 06:49:36.550000,hn_03-09,1030.0,1723.0
2024-02-25 06:49:43.757500,hn_03-09,1030.0,1723.0
2024-02-25 06:49:51.032032,hn_03-09,1030.0,1723.0
2024-02-25 06:49:58.329329,hn_03-09,1030.0,1723.0
2024-02-25 06:50:05.617617,hn_03-09,1030.0,1723.0
2024-02-25 06:50:12.896896,hn_03-09,1030.0,1723.0
2024-02-25 06:50:20.198198,hn_03-09,1030.0,1723.0
2024-02-25 06:50:27.427427,hn_03-09,1030.0,1723.0
2024-02-25 06:50:34.792792,hn_03-09,1030.0,1723.0
2024-02-25 06:50:42.110000,hn_03-09,1030.0,1723.0
2024-02-25 06:50:49.363600,hn_03-09,1030.0,1723.0
2024-02-25 06:50:56.649649,hn_03-09,1030.0,1723.0
2024-02-25 06:51:03.911911,hn_03-09,1030.0,1723.0
2024-02-25 06:51:11.194194,hn_03-09,1030.0,1723.0
2024-02-25 06:51:18.515515,hn_03-09,1030.0,1723.0
2024-02-25 06:51:25.785785,hn_03-09,1030.0,1723.0
2024-02-25 06:51:33.104104,hn_03-09,1030.0,1723.0
2024-02-25 06:51:40.381381,hn_03-09,1030.0,1723.0
2024-02-25 06:51:47.682682,hn_03-09,1030.0,1723.0
2024-02-25 06:51:54.949400,hn_03-09,1030.0,1723.0
2024-02-25 06:52:02.232232,hn_03-09,1030.0,1723.0
2024-02-25 06:52:09.487487,hn_03-09,1030.0,1723.0
2024-02-25 06:52:16.727200,hn_03-09,1030.0,1723.0
2024-02-25 06:52:24.009009,hn_03-09,1030.0,1723.0
2024-02-25 06:52:31.272272,hn_03-09,1030.0,1723.0
2024-02-25 06:52:38.522522,hn_03-09,1030.0,1723.0
2024-02-25 06:52:45.828200,hn_03-09,1030.0,1723.0
2024-02-25 06:52:53.047047,hn_03-09,1030.0,1723.0
2024-02-25 06:53:00.323323,hn_03-09,1030.0,1723.0
2024-02-25 06:53:07.595595,hn_03-09,1033.5,1731.0
2024-02-25 06:53:14.864864,hn_03-09,1030.0,1723.0
2024-02-25 06:53:22.104104,hn_03-09,1030.0,1723.0
2024-02-25 06:53:29.412412,hn_03-09,1030.0,1723.0
2024-02-25 06:53:36.668668,hn_03-09,1030.0,1723.0
2024-02-25 06:53:43.945945,hn_03-09,1030.0,1723.0
2024-02-25 06:53:51.184184,hn_03-09,1030.0,1723.0
2024-02-25 06:53:58.428428,hn_03-09,1030.0,1723.0
2024-02-25 06:54:05.753753,hn_03-09,1030.0,1723.0
2024-02-25 06:54:12.999999,hn_03-09,1030.0,1723.0
2024-02-25 06:54:20.282282,hn_03-09,1030.0,1723.0
2024-02-25 06:54:27.569569,hn_03-09,1030.0,1723.0
2024-02-25 06:54:34.839839,hn_03-09,1030.0,1723.0
2024-02-25 06:54:42.072072,hn_03-09,1030.0,1723.0
2024-02-25 06:54:49.475475,hn_03-09,1030.0,1723.0
2024-02-25 06:54:56.828828,hn_03-09,1030.0,1723.0
2024-02-25 06:55:04.149149,hn_03-09,1030.0,1723.0
2024-02-25 06:55:11.494494,hn_03-09,1030.0,1723.0
2024-02-25 06:55:18.819819,hn_03-09,1030.0,1723.0
2024-02-25 06:55:26.171700,hn_03-09,1030.0,1723.0
2024-02-25 06:55:33.646400,hn_03-09,1030.0,1723.0
2024-02-25 06:55:40.987987,hn_03-09,1030.0,1723.0
2024-02-25 06:55:48.225225,hn_03-09,1030.0,1723.0
2024-02-25 06:55:55.545545,hn_03-09,1030.0,1723.0
2024-02-25 06:56:02.794794,hn_03-09,1030.0,1723.0
2024-02-25 06:56:10.089089,hn_03-09,1030.0,1723.0
2024-02-25 06:56:17.391391,hn_03-09,1030.0,1723.0
2024-02-25 06:56:24.655655,hn_03-09,1030.0,1723.0
2024-02-25 06:56:31.988988,hn_03-09,1030.0,1723.0
2024-02-25 06:56:39.252252,hn_03-09,1030.0,1723.0
2024-02-25 06:56:46.538538,hn_03-09,1030.0,1723.0
2024-02-25 06:56:53.898900,hn_03-09,1030.0,1723.0
2024-02-25 06:57:01.252500,hn_03-09,1030.0,1723.0
2024-02-25 06:57:08.618618,hn_03-09,1030.0,1723.0
2024-02-25 06:57:15.969600,hn_03-09,1030.0,1723.0
2024-02-25 06:57:23.307307,hn_03-09,1030.0,1723.0
2024-02-25 06:57:30.655655,hn_03-09,1030.0,1723.0
2024-02-25 06:57:37.903903,hn_03-09,1030.0,1723.0
2024-02-25 06:57:45.248248,hn_03-09,1030.0,1723.0
2024-02-25 06:57:53.253253,hn_03-09,1030.0,1723.0
2024-02-25 06:58:04.693693,hn_03-09,1030.0,1723.0
2024-02-25 06:58:12.054054,hn_03-09,1030.0,1723.0
2024-02-25 06:58:19.328328,hn_03-09,1030.0,1723.0
2024-02-25 06:58:27.212100,hn_03-09,1030.0,1723.0
2024-02-25 06:58:34.656500,hn_03-09,1030.0,1723.0
2024-02-25 06:58:42.071071,hn_03-09,1030.0,1723.0
2024-02-25 06:58:49.379379,hn_03-09,1030.0,1723.0
2024-02-25 06:58:56.681681,hn_03-09,1030.0,1723.0
2024-02-25 06:59:03.987987,hn_03-09,1030.0,1723.0
2024-02-25 06:59:11.403403,hn_03-09,1030.0,1723.0
2024-02-25 06:59:18.813813,hn_03-09,1030.0,1723.0
2024-02-25 06:59:26.184184,hn_03-09,1030.0,1723.0
2024-02-25 06:59:33.523523,hn_03-09,1030.0,1723.0
2024-02-25 06:59:40.907907,hn_03-09,1030.0,1723.0
2024-02-25 06:59:48.238238,hn_03-09,1030.0,1723.0
2024-02-25 06:59:55.601601,hn_03-09,1052.0,1740.5
2024-02-25 07:00:02.967967,hn_03-09,1030.0,1723.0
2024-02-25 07:00:10.383800,hn_03-09,1030.0,1723.0
2024-02-25 07:00:17.726726,hn_03-09,1030.0,1723.0
2024-02-25 07:00:25.059059,hn_03-09,1030.0,1723.0
2024-02-25 07:00:32.589589,hn_03-09,1030.0,1723.0
2024-02-25 07:00:39.919100,hn_03-09,1030.0,1723.0
2024-02-25 07:00:47.311311,hn_03-09,1030.0,1723.0
2024-02-25 07:00:54.659659,hn_03-09,1030.0,1723.0
2024-02-25 07:01:02.007007,hn_03-09,1030.0,1723.0
2024-02-25 07:01:09.378378,hn_03-09,1030.0,1723.0
2024-02-25 07:01:16.749749,hn_03-09,1030.0,1723.0
2024-02-25 07:01:24.153153,hn_03-09,1030.0,1723.0
2024-02-25 07:01:31.539539,hn_03-09,1030.0,1723.0
2024-02-25 07:01:38.948948,hn_03-09,1030.0,1723.0
2024-02-25 07:01:46.326326,hn_03-09,1030.0,1723.0
2024-02-25 07:01:53.648648,hn_03-09,1030.0,1723.0
2024-02-25 07:02:01.061061,hn_03-09,1030.0,1723.0
2024-02-25 07:02:08.432432,hn_03-09,1030.0,1723.0
2024-02-25 07:02:15.846846,hn_03-09,1030.0,1723.0
2024-02-25 07:02:23.186186,hn_03-09,1030.0,1723.0
2024-02-25 07:02:30.561561,hn_03-09,1030.0,1723.0
2024-02-25 07:02:38.035035,hn_03-09,1030.0,1723.0
2024-02-25 07:02:45.452452,hn_03-09,1030.0,1723.0
2024-02-25 07:02:52.933933,hn_03-09,1030.0,1723.0
2024-02-25 07:03:00.308308,hn_03-09,1030.0,1723.0
2024-02-25 07:03:07.722722,hn_03-09,1030.0,1723.0
2024-02-25 07:03:15.110000,hn_03-09,1030.0,1723.0
2024-02-25 07:03:22.523523,hn_03-09,1030.0,1723.0
2024-02-25 07:03:29.884884,hn_03-09,1030.0,1723.0
2024-02-25 07:03:37.239239,hn_03-09,1030.0,1723.0
2024-02-25 07:03:44.667667,hn_03-09,1030.0,1723.0
2024-02-25 07:03:52.003003,hn_03-09,1030.0,1723.0
2024-02-25 07:03:59.341341,hn_03-09,1030.0,1723.0
2024-02-25 07:04:06.792792,hn_03-09,1030.0,1723.0
2024-02-25 07:04:14.111100,hn_03-09,1030.0,1723.0
2024-02-25 07:04:21.522522,hn_03-09,1030.0,1723.0
2024-02-25 07:04:28.845845,hn_03-09,1030.0,1723.0
2024-02-25 07:04:36.302302,hn_03-09,1030.0,1723.0
2024-02-25 07:04:43.649649,hn_03-09,1030.0,1723.0
2024-02-25 07:04:51.009009,hn_03-09,1030.0,1723.0
2024-02-25 07:04:58.454500,hn_03-09,1030.0,1723.0
2024-02-25 07:05:05.831831,hn_03-09,1030.0,1723.0
2024-02-25 07:05:13.268268,hn_03-09,1030.0,1723.0
2024-02-25 07:05:20.747400,hn_03-09,1030.0,1723.0
2024-02-25 07:05:28.182182,hn_03-09,1030.0,1723.0
2024-02-25 07:05:35.589589,hn_03-09,1030.0,1723.0
2024-02-25 07:05:43.062062,hn_03-09,1030.0,1723.0
2024-02-25 07:05:50.437437,hn_03-09,1030.0,1723.0
2024-02-25 07:05:57.784784,hn_03-09,1030.0,1723.0
2024-02-25 07:06:05.262600,hn_03-09,1030.0,1723.0
2024-02-25 07:06:12.627627,hn_03-09,1030.0,1723.0
2024-02-25 07:06:20.041041,hn_03-09,1030.0,1723.0
2024-02-25 07:06:27.429429,hn_03-09,1030.0,1723.0
2024-02-25 07:06:34.931931,hn_03-09,1030.0,1723.0
2024-02-25 07:06:42.398398,hn_03-09,1030.0,1723.0
2024-02-25 07:06:49.829829,hn_03-09,1030.0,1723.0
2024-02-25 07:06:57.187187,hn_03-09,1030.0,1723.0
2024-02-25 07:07:04.561561,hn_03-09,1030.0,1723.0
2024-02-25 07:07:11.976976,hn_03-09,1030.0,1723.0
2024-02-25 07:07:19.395395,hn_03-09,1030.0,1723.0
2024-02-25 07:07:26.855855,hn_03-09,1030.0,1723.0
2024-02-25 07:07:34.279279,hn_03-09,1030.0,1723.0
2024-02-25 07:07:41.737737,hn_03-09,1030.0,1723.0
2024-02-25 07:07:49.162162,hn_03-09,1030.0,1723.0
2024-02-25 07:07:56.649649,hn_03-09,1030.0,1723.0
2024-02-25 07:08:04.148148,hn_03-09,1030.0,1723.0
2024-02-25 07:08:11.664664,hn_03-09,1030.0,1723.0
2024-02-25 07:08:19.218218,hn_03-09,1030.0,1723.0
2024-02-25 07:08:26.717100,hn_03-09,1030.0,1723.0
2024-02-25 07:08:34.105105,hn_03-09,1030.0,1723.0
2024-02-25 07:08:41.583583,hn_03-09,1030.0,1723.0
2024-02-25 07:08:49.079079,hn_03-09,1030.0,1723.0
2024-02-25 07:08:56.603603,hn_03-09,1030.0,1723.0
2024-02-25 07:09:04.085085,hn_03-09,1030.0,1723.0
2024-02-25 07:09:11.611611,hn_03-09,1030.0,1723.0
2024-02-25 07:09:19.211211,hn_03-09,1030.0,1723.0
2024-02-25 07:09:26.605605,hn_03-09,1030.0,1723.0
2024-02-25 07:09:34.137137,hn_03-09,1030.0,1723.0
2024-02-25 07:09:41.531531,hn_03-09,1030.0,1723.0
2024-02-25 07:09:48.982982,hn_03-09,1030.0,1723.0
2024-02-25 07:09:56.481481,hn_03-09,1030.0,1723.0
2024-02-25 07:10:03.932932,hn_03-09,1030.0,1723.0
2024-02-25 07:10:11.352352,hn_03-09,1030.0,1723.0
2024-02-25 07:10:18.767600,hn_03-09,1030.0,1723.0
2024-02-25 07:10:26.199199,hn_03-09,1030.0,1723.0
2024-02-25 07:10:33.616100,hn_03-09,1030.0,1723.0
2024-02-25 07:10:41.037037,hn_03-09,1030.0,1723.0
2024-02-25 07:10:48.569569,hn_03-09,1030.0,1723.0
2024-02-25 07:10:55.978978,hn_03-09,1030.0,1723.0
2024-02-25 07:11:03.394394,hn_03-09,1030.0,1723.0
2024-02-25 07:11:10.903903,hn_03-09,1030.0,1723.0
2024-02-25 07:11:18.504504,hn_03-09,1030.0,1723.0
2024-02-25 07:11:26.020200,hn_03-09,1030.0,1723.0
2024-02-25 07:11:33.642642,hn_03-09,1030.0,1723.0
2024-02-25 07:11:42.842842,hn_03-09,1030.0,1723.0
2024-02-25 07:11:50.276276,hn_03-09,1030.0,1723.0
2024-02-25 07:11:57.903903,hn_03-09,1030.0,1723.0
2024-02-25 07:12:05.498498,hn_03-09,1030.0,1723.0
2024-02-25 07:12:13.087087,hn_03-09,1030.0,1723.0
2024-02-25 07:12:20.525525,hn_03-09,1030.0,1723.0
2024-02-25 07:12:28.148148,hn_03-09,1030.0,1723.0
2024-02-25 07:12:35.772772,hn_03-09,1030.0,1723.0
2024-02-25 07:12:43.223223,hn_03-09,1030.0,1723.0
2024-02-25 07:12:51.041041,hn_03-09,1030.0,1723.0
2024-02-25 07:12:58.747747,hn_03-09,1030.0,1723.0
2024-02-25 07:13:06.494494,hn_03-09,1030.0,1723.0
2024-02-25 07:13:13.956956,hn_03-09,1030.0,1723.0
2024-02-25 07:13:21.608608,hn_03-09,1030.0,1723.0
2024-02-25 07:13:29.091091,hn_03-09,1030.0,1723.0
2024-02-25 07:13:36.756756,hn_03-09,1030.0,1723.0
2024-02-25 07:13:44.438438,hn_03-09,1030.0,1723.0
2024-02-25 07:13:52.093093,hn_03-09,1030.0,1723.0
2024-02-25 07:13:59.814814,hn_03-09,1030.0,1723.0
2024-02-25 07:14:07.379379,hn_03-09,1030.0,1723.0
2024-02-25 07:14:15.119119,hn_03-09,1030.0,1723.0
2024-02-25 07:14:22.864864,hn_03-09,1030.0,1723.0
2024-02-25 07:14:30.644644,hn_03-09,1030.0,1723.0
2024-02-25 07:14:38.355355,hn_03-09,1030.0,1723.0
2024-02-25 07:14:45.906906,hn_03-09,1030.0,1723.0
2024-02-25 07:14:53.636636,hn_03-09,1030.0,1723.0
2024-02-25 07:15:01.393900,hn_03-09,1030.0,1723.0
2024-02-25 07:15:09.124124,hn_03-09,1030.0,1723.0
2024-02-25 07:15:16.601601,hn_03-09,1030.0,1723.0
2024-02-25 07:15:24.373700,hn_03-09,1030.0,1723.0
2024-02-25 07:15:31.878700,hn_03-09,1030.0,1723.0
2024-02-25 07:15:39.566566,hn_03-09,1030.0,1723.0
2024-02-25 07:15:47.088088,hn_03-09,1030.0,1723.0
2024-02-25 07:15:54.752752,hn_03-09,1030.0,1723.0
2024-02-25 07:16:02.262600,hn_03-09,1030.0,1723.0
2024-02-25 07:16:09.813813,hn_03-09,1030.0,1723.0
2024-02-25 07:16:17.497497,hn_03-09,1030.0,1723.0
2024-02-25 07:16:25.026026,hn_03-09,1030.0,1723.0
2024-02-25 07:16:32.713713,hn_03-09,1030.0,1723.0
2024-02-25 07:16:40.479479,hn_03-09,1030.0,1723.0
2024-02-25 07:16:48.161161,hn_03-09,1030.0,1723.0
2024-02-25 07:16:55.716716,hn_03-09,1030.0,1723.0
2024-02-25 07:17:03.454454,hn_03-09,1030.0,1723.0
2024-02-25 07:17:11.235235,hn_03-09,1030.0,1723.0
2024-02-25 07:17:19.071071,hn_03-09,1030.0,1723.0
2024-02-25 07:17:26.873873,hn_03-09,1030.0,1723.0
2024-02-25 07:17:34.739739,hn_03-09,1030.0,1723.0
2024-02-25 07:17:42.541541,hn_03-09,1030.0,1723.0
2024-02-25 07:17:50.174174,hn_03-09,1030.0,1723.0
2024-02-25 07:17:57.911911,hn_03-09,1030.0,1723.0
2024-02-25 07:18:05.467467,hn_03-09,1030.0,1723.0
2024-02-25 07:18:13.236236,hn_03-09,1030.0,1723.0
2024-02-25 07:18:20.818818,hn_03-09,1030.0,1723.0
2024-02-25 07:18:28.538538,hn_03-09,1030.0,1723.0
2024-02-25 07:18:36.249249,hn_03-09,1030.0,1723.0
2024-02-25 07:18:44.034034,hn_03-09,1030.0,1723.0
2024-02-25 07:18:51.862862,hn_03-09,1030.0,1723.0
2024-02-25 07:18:59.349349,hn_03-09,1030.0,1723.0
2024-02-25 07:19:07.049049,hn_03-09,1030.0,1723.0
2024-02-25 07:19:14.854854,hn_03-09,1030.0,1723.0
2024-02-25 07:19:22.623623,hn_03-09,1030.0,1723.0
2024-02-25 07:19:30.133133,hn_03-09,1030.0,1723.0
2024-02-25 07:19:37.943943,hn_03-09,1030.0,1723.0
2024-02-25 07:19:45.951951,hn_03-09,1030.0,1723.0
2024-02-25 07:19:53.785785,hn_03-09,1030.0,1723.0
2024-02-25 07:20:01.625625,hn_03-09,1030.0,1723.0
2024-02-25 07:20:09.154154,hn_03-09,1030.0,1723.0
2024-02-25 07:20:16.719719,hn_03-09,1030.0,1723.0
2024-02-25 07:20:24.549549,hn_03-09,1030.0,1723.0
2024-02-25 07:20:32.307307,hn_03-09,1030.0,1723.0
2024-02-25 07:20:40.064064,hn_03-09,1030.0,1723.0
2024-02-25 07:20:47.592592,hn_03-09,1030.0,1723.0
2024-02-25 07:20:55.339339,hn_03-09,1030.0,1723.0
2024-02-25 07:21:03.132132,hn_03-09,1030.0,1723.0
2024-02-25 07:21:10.841841,hn_03-09,1030.0,1723.0
2024-02-25 07:21:18.385385,hn_03-09,1030.0,1723.0
2024-02-25 07:21:25.901901,hn_03-09,1030.0,1723.0
2024-02-25 07:21:33.486486,hn_03-09,1030.0,1723.0
2024-02-25 07:21:41.398398,hn_03-09,1030.0,1723.0
2024-02-25 07:21:49.281281,hn_03-09,1030.0,1723.0
2024-02-25 07:21:57.161600,hn_03-09,1030.0,1723.0
2024-02-25 07:22:04.757500,hn_03-09,1030.0,1723.0
2024-02-25 07:22:12.338338,hn_03-09,1030.0,1723.0
2024-02-25 07:22:19.868868,hn_03-09,1030.0,1723.0
2024-02-25 07:22:27.424200,hn_03-09,1030.0,1723.0
2024-02-25 07:22:35.305305,hn_03-09,1030.0,1723.0
2024-02-25 07:22:43.122122,hn_03-09,1030.0,1723.0
2024-02-25 07:22:50.977977,hn_03-09,1030.0,1723.0
2024-02-25 07:22:58.864864,hn_03-09,1030.0,1723.0
2024-02-25 07:23:06.843843,hn_03-09,1030.0,1723.0
2024-02-25 07:23:14.698698,hn_03-09,1030.0,1723.0
2024-02-25 07:23:22.643643,hn_03-09,1030.0,1723.0
2024-02-25 07:23:30.461461,hn_03-09,1030.0,1723.0
2024-02-25 07:23:38.029029,hn_03-09,1030.0,1723.0
2024-02-25 07:23:45.772772,hn_03-09,1030.0,1723.0
2024-02-25 07:23:53.606606,hn_03-09,1030.0,1723.0
2024-02-25 07:24:01.447447,hn_03-09,1030.0,1723.0
2024-02-25 07:24:08.979979,hn_03-09,1030.0,1723.0
2024-02-25 07:24:16.651651,hn_03-09,1030.0,1723.0
2024-02-25 07:24:24.191191,hn_03-09,1030.0,1723.0
2024-02-25 07:24:31.921921,hn_03-09,1030.0,1723.0
2024-02-25 07:24:39.471471,hn_03-09,1030.0,1723.0
2024-02-25 07:24:47.139139,hn_03-09,1030.0,1723.0
2024-02-25 07:24:54.726726,hn_03-09,1030.0,1723.0
2024-02-25 07:25:02.238238,hn_03-09,1030.0,1723.0
2024-02-25 07:25:10.019019,hn_03-09,1030.0,1723.0
2024-02-25 07:25:17.798798,hn_03-09,1030.0,1723.0
2024-02-25 07:25:25.345345,hn_03-09,1030.0,1723.0
2024-02-25 07:25:32.888888,hn_03-09,1030.0,1723.0
2024-02-25 07:25:40.434300,hn_03-09,1030.0,1723.0
2024-02-25 07:25:48.267267,hn_03-09,1030.0,1723.0
2024-02-25 07:25:55.802802,hn_03-09,1030.0,1723.0
2024-02-25 07:26:03.577577,hn_03-09,1030.0,1723.0
2024-02-25 07:26:11.174174,hn_03-09,1030.0,1723.0
2024-02-25 07:26:18.998998,hn_03-09,1030.0,1723.0
2024-02-25 07:26:26.559559,hn_03-09,1030.0,1723.0
2024-02-25 07:26:34.091091,hn_03-09,1030.0,1723.0
2024-02-25 07:26:42.309309,hn_03-09,1030.0,1723.0
2024-02-25 07:26:50.101101,hn_03-09,1030.0,1723.0
2024-02-25 07:26:57.724724,hn_03-09,1030.0,1723.0
2024-02-25 07:27:05.554554,hn_03-09,1030.0,1723.0
2024-02-25 07:27:13.117117,hn_03-09,1030.0,1723.0
2024-02-25 07:27:20.706706,hn_03-09,1030.0,1723.0
2024-02-25 07:27:28.272700,hn_03-09,1030.0,1723.0
2024-02-25 07:27:36.098098,hn_03-09,1030.0,1723.0
2024-02-25 07:27:43.986986,hn_03-09,1030.0,1723.0
2024-02-25 07:27:51.881881,hn_03-09,1030.0,1723.0
2024-02-25 07:28:00.584584,hn_03-09,1030.0,1723.0
2024-02-25 07:28:08.137137,hn_03-09,1030.0,1723.0
2024-02-25 07:28:15.732732,hn_03-09,1030.0,1723.0
2024-02-25 07:28:23.305305,hn_03-09,1030.0,1723.0
2024-02-25 07:28:30.925925,hn_03-09,1030.0,1723.0
2024-02-25 07:28:38.724724,hn_03-09,1030.0,1723.0
2024-02-25 07:28:46.361361,hn_03-09,1030.0,1723.0
2024-02-25 07:28:53.992992,hn_03-09,1030.0,1723.0
2024-02-25 07:29:01.924924,hn_03-09,1030.0,1723.0
2024-02-25 07:29:09.494900,hn_03-09,1030.0,1723.0
2024-02-25 07:29:17.172172,hn_03-09,1030.0,1723.0
2024-02-25 07:29:25.025025,hn_03-09,1030.0,1723.0
2024-02-25 07:29:32.838300,hn_03-09,1030.0,1723.0
2024-02-25 07:29:40.414100,hn_03-09,1030.0,1723.0
2024-02-25 07:29:47.989800,hn_03-09,1030.0,1723.0
2024-02-25 07:29:55.579579,hn_03-09,1030.0,1723.0
2024-02-25 07:30:03.373700,hn_03-09,1030.0,1723.0
2024-02-25 07:30:10.951951,hn_03-09,1030.0,1723.0
2024-02-25 07:30:18.909909,hn_03-09,1030.0,1723.0
2024-02-25 07:30:26.486486,hn_03-09,1030.0,1723.0
2024-02-25 07:30:34.244244,hn_03-09,1030.0,1723.0
2024-02-25 07:30:41.801801,hn_03-09,1030.0,1723.0
2024-02-25 07:30:49.386386,hn_03-09,1030.0,1723.0
2024-02-25 07:30:56.969969,hn_03-09,1030.0,1723.0
2024-02-25 07:31:04.646646,hn_03-09,1030.0,1723.0
2024-02-25 07:31:12.236236,hn_03-09,1030.0,1723.0
2024-02-25 07:31:20.159159,hn_03-09,1030.0,1723.0
2024-02-25 07:31:27.725725,hn_03-09,1030.0,1723.0
2024-02-25 07:31:35.697697,hn_03-09,1030.0,1723.0
2024-02-25 07:31:43.326326,hn_03-09,1030.0,1723.0
2024-02-25 07:31:50.962962,hn_03-09,1030.0,1723.0
2024-02-25 07:31:58.599599,hn_03-09,1030.0,1723.0
2024-02-25 07:32:06.177177,hn_03-09,1030.0,1723.0
2024-02-25 07:32:14.093093,hn_03-09,1030.0,1723.0
2024-02-25 07:32:21.939300,hn_03-09,1030.0,1723.0
2024-02-25 07:32:29.736736,hn_03-09,1030.0,1723.0
2024-02-25 07:32:37.567567,hn_03-09,1030.0,1723.0
2024-02-25 07:32:45.128128,hn_03-09,1030.0,1723.0
2024-02-25 07:32:52.687687,hn_03-09,1030.0,1723.0
2024-02-25 07:33:00.251251,hn_03-09,1030.0,1723.0
2024-02-25 07:33:07.824824,hn_03-09,1030.0,1723.0
2024-02-25 07:33:15.696900,hn_03-09,1030.0,1723.0
2024-02-25 07:33:23.435435,hn_03-09,1030.0,1723.0
2024-02-25 07:33:31.000000,hn_03-09,1030.0,1723.0
2024-02-25 07:33:38.677677,hn_03-09,1030.0,1723.0
2024-02-25 07:33:47.323200,hn_03-09,1030.0,1723.0
2024-02-25 07:33:55.242400,hn_03-09,1030.0,1723.0
2024-02-25 07:34:02.865865,hn_03-09,1030.0,1723.0
2024-02-25 07:34:10.465465,hn_03-09,1030.0,1723.0
2024-02-25 07:34:18.102102,hn_03-09,1030.0,1723.0
2024-02-25 07:34:25.941941,hn_03-09,1030.0,1723.0
2024-02-25 07:34:33.878700,hn_03-09,1030.0,1723.0
2024-02-25 07:34:41.884884,hn_03-09,1030.0,1723.0
2024-02-25 07:34:49.709709,hn_03-09,1030.0,1723.0
2024-02-25 07:34:57.313100,hn_03-09,1030.0,1723.0
2024-02-25 07:35:05.174174,hn_03-09,1030.0,1723.0
2024-02-25 07:35:12.757757,hn_03-09,1030.0,1723.0
2024-02-25 07:35:20.344344,hn_03-09,1030.0,1723.0
2024-02-25 07:35:27.942942,hn_03-09,1030.0,1723.0
2024-02-25 07:35:35.977977,hn_03-09,1033.0,1778.0
2024-02-25 07:35:43.597597,hn_03-09,1030.0,1723.0
2024-02-25 07:35:51.202202,hn_03-09,1030.0,1723.0
2024-02-25 07:35:58.772772,hn_03-09,1030.0,1723.0
2024-02-25 07:36:06.488488,hn_03-09,1030.0,1723.0
2024-02-25 07:36:14.136136,hn_03-09,1030.0,1723.0
2024-02-25 07:36:21.895895,hn_03-09,1030.0,1723.0
2024-02-25 07:36:29.501501,hn_03-09,1030.0,1723.0
2024-02-25 07:36:37.484484,hn_03-09,1030.0,1723.0
2024-02-25 07:36:45.428428,hn_03-09,1030.0,1723.0
2024-02-25 07:36:53.292292,hn_03-09,1030.0,1723.0
2024-02-25 07:37:00.905905,hn_03-09,1030.0,1723.0
2024-02-25 07:37:08.799799,hn_03-09,1030.0,1723.0
2024-02-25 07:37:16.438438,hn_03-09,1030.0,1723.0
2024-02-25 07:37:24.373700,hn_03-09,1030.0,1723.0
2024-02-25 07:37:32.062062,hn_03-09,1030.0,1723.0
2024-02-25 07:37:39.933933,hn_03-09,1030.0,1723.0
2024-02-25 07:37:47.648648,hn_03-09,1030.0,1723.0
2024-02-25 07:37:55.325325,hn_03-09,1030.0,1723.0
2024-02-25 07:38:03.245245,hn_03-09,1030.0,1723.0
2024-02-25 07:38:11.106106,hn_03-09,1030.0,1723.0
2024-02-25 07:38:19.116116,hn_03-09,1030.0,1723.0
2024-02-25 07:38:26.977977,hn_03-09,1030.0,1723.0
2024-02-25 07:38:34.831831,hn_03-09,1030.0,1723.0
2024-02-25 07:38:42.803803,hn_03-09,1030.0,1723.0
2024-02-25 07:38:50.792792,hn_03-09,1030.0,1723.0
2024-02-25 07:38:58.921921,hn_03-09,1030.0,1723.0
2024-02-25 07:39:07.369369,hn_03-09,1030.0,1723.0
2024-02-25 07:39:15.336336,hn_03-09,1030.0,1723.0
2024-02-25 07:39:23.012012,hn_03-09,1030.0,1723.0
2024-02-25 07:39:30.654654,hn_03-09,1030.0,1723.0
2024-02-25 07:39:38.339339,hn_03-09,1030.0,1723.0
2024-02-25 07:39:46.323200,hn_03-09,1030.0,1723.0
2024-02-25 07:39:54.008008,hn_03-09,1030.0,1723.0
2024-02-25 07:40:01.886886,hn_03-09,1030.0,1723.0
2024-02-25 07:40:09.925925,hn_03-09,1030.0,1723.0
2024-02-25 07:40:17.769769,hn_03-09,1030.0,1723.0
2024-02-25 07:40:25.747747,hn_03-09,1030.0,1723.0
2024-02-25 07:40:33.703703,hn_03-09,1030.0,1723.0
2024-02-25 07:40:41.426426,hn_03-09,1030.0,1723.0
2024-02-25 07:40:49.507507,hn_03-09,1030.0,1723.0
2024-02-25 07:40:57.655655,hn_03-09,1030.0,1723.0
2024-02-25 07:41:05.762762,hn_03-09,1030.0,1723.0
2024-02-25 07:41:13.434434,hn_03-09,1030.0,1723.0
2024-02-25 07:41:21.215215,hn_03-09,1030.0,1723.0
2024-02-25 07:41:28.941941,hn_03-09,1030.0,1723.0
2024-02-25 07:41:36.938938,hn_03-09,1030.0,1723.0
2024-02-25 07:41:44.649649,hn_03-09,1030.0,1723.0
2024-02-25 07:41:52.584584,hn_03-09,1030.0,1723.0
2024-02-25 07:42:00.667667,hn_03-09,1030.0,1723.0
2024-02-25 07:42:08.348348,hn_03-09,1030.0,1723.0
2024-02-25 07:42:16.279279,hn_03-09,1030.0,1723.0
2024-02-25 07:42:24.252500,hn_03-09,1030.0,1723.0
2024-02-25 07:42:31.977977,hn_03-09,1030.0,1723.0
2024-02-25 07:42:39.666600,hn_03-09,1030.0,1723.0
2024-02-25 07:42:47.557557,hn_03-09,1030.0,1723.0
2024-02-25 07:42:55.231231,hn_03-09,1030.0,1723.0
2024-02-25 07:43:03.371371,hn_03-09,1030.0,1723.0
2024-02-25 07:43:11.357357,hn_03-09,1030.0,1723.0
2024-02-25 07:43:19.007007,hn_03-09,1030.0,1723.0
2024-02-25 07:43:26.667667,hn_03-09,1030.0,1723.0
2024-02-25 07:43:34.606606,hn_03-09,1030.0,1723.0
2024-02-25 07:43:42.581581,hn_03-09,1030.0,1723.0
2024-02-25 07:43:50.262262,hn_03-09,1030.0,1723.0
2024-02-25 07:43:58.212100,hn_03-09,1030.0,1723.0
2024-02-25 07:44:05.842842,hn_03-09,1030.0,1723.0
2024-02-25 07:44:13.837837,hn_03-09,1030.0,1723.0
2024-02-25 07:44:21.492492,hn_03-09,1030.0,1723.0
2024-02-25 07:44:29.349349,hn_03-09,1030.0,1723.0
2024-02-25 07:44:37.024024,hn_03-09,1030.0,1723.0
2024-02-25 07:44:44.656500,hn_03-09,1030.0,1723.0
2024-02-25 07:44:52.395395,hn_03-09,1030.0,1723.0
2024-02-25 07:45:00.415415,hn_03-09,1030.0,1723.0
2024-02-25 07:45:08.156156,hn_03-09,1030.0,1723.0
2024-02-25 07:45:16.209209,hn_03-09,1030.0,1723.0
2024-02-25 07:45:23.878878,hn_03-09,1030.0,1723.0
2024-02-25 07:45:31.559559,hn_03-09,1030.0,1723.0
2024-02-25 07:45:39.476476,hn_03-09,1030.0,1723.0
2024-02-25 07:45:47.103103,hn_03-09,1030.0,1723.0
2024-02-25 07:45:54.966966,hn_03-09,1030.0,1723.0
2024-02-25 07:46:04.411411,hn_03-09,1030.0,1723.0
2024-02-25 07:46:12.236236,hn_03-09,1030.0,1723.0
2024-02-25 07:46:20.193193,hn_03-09,1030.0,1723.0
2024-02-25 07:46:27.847847,hn_03-09,1030.0,1723.0
2024-02-25 07:46:35.464464,hn_03-09,1030.0,1723.0
2024-02-25 07:46:43.439439,hn_03-09,1030.0,1723.0
2024-02-25 07:46:51.092092,hn_03-09,1030.0,1723.0
2024-02-25 07:46:58.691691,hn_03-09,1030.0,1723.0
2024-02-25 07:47:06.638638,hn_03-09,1030.0,1723.0
2024-02-25 07:47:14.243243,hn_03-09,1030.0,1723.0
2024-02-25 07:47:22.232300,hn_03-09,1030.0,1723.0
2024-02-25 07:47:30.010100,hn_03-09,1030.0,1723.0
2024-02-25 07:47:37.599599,hn_03-09,1030.0,1723.0
2024-02-25 07:47:45.217217,hn_03-09,1030.0,1723.0
2024-02-25 07:47:52.945945,hn_03-09,1030.0,1723.0
2024-02-25 07:48:00.594594,hn_03-09,1030.0,1723.0
2024-02-25 07:48:08.247247,hn_03-09,1030.0,1723.0
2024-02-25 07:48:16.292900,hn_03-09,1030.0,1723.0
2024-02-25 07:48:24.157157,hn_03-09,1030.0,1723.0
2024-02-25 07:48:31.808808,hn_03-09,1030.0,1723.0
2024-02-25 07:48:39.425425,hn_03-09,1030.0,1723.0
2024-02-25 07:48:47.008008,hn_03-09,1030.0,1723.0
2024-02-25 07:48:54.987987,hn_03-09,1030.0,1723.0
2024-02-25 07:49:02.819819,hn_03-09,1030.0,1723.0
2024-02-25 07:49:10.539539,hn_03-09,1030.0,1723.0
2024-02-25 07:49:18.158158,hn_03-09,1030.0,1723.0
2024-02-25 07:49:25.991991,hn_03-09,1030.0,1723.0
2024-02-25 07:49:33.623623,hn_03-09,1030.0,1723.0
2024-02-25 07:49:41.495495,hn_03-09,1030.0,1723.0
2024-02-25 07:49:49.212212,hn_03-09,1030.0,1723.0
2024-02-25 07:49:57.020200,hn_03-09,1030.0,1723.0
2024-02-25 07:50:04.947947,hn_03-09,1030.0,1723.0
2024-02-25 07:50:12.524524,hn_03-09,1030.0,1723.0
2024-02-25 07:50:20.366366,hn_03-09,1030.0,1723.0
2024-02-25 07:50:27.982982,hn_03-09,1030.0,1723.0
2024-02-25 07:50:35.621621,hn_03-09,1030.0,1723.0
2024-02-25 07:50:43.205205,hn_03-09,1033.0,1779.5
2024-02-25 07:50:51.174174,hn_03-09,1030.0,1723.0
2024-02-25 07:50:59.138138,hn_03-09,1030.0,1723.0
2024-02-25 07:51:07.020200,hn_03-09,1030.0,1723.0
2024-02-25 07:51:14.912912,hn_03-09,1030.0,1723.0
2024-02-25 07:51:22.678678,hn_03-09,1030.0,1723.0
2024-02-25 07:51:30.639639,hn_03-09,1030.0,1723.0
2024-02-25 07:51:38.220000,hn_03-09,1030.0,1723.0
2024-02-25 07:51:45.758758,hn_03-09,1030.0,1723.0
2024-02-25 07:51:53.555500,hn_03-09,1030.0,1723.0
2024-02-25 07:52:01.838300,hn_03-09,1030.0,1723.0
2024-02-25 07:52:09.877877,hn_03-09,1030.0,1723.0
2024-02-25 07:52:17.437437,hn_03-09,1030.0,1723.0
2024-02-25 07:52:25.013013,hn_03-09,1030.0,1723.0
2024-02-25 07:52:32.584584,hn_03-09,1030.0,1723.0
2024-02-25 07:52:40.146146,hn_03-09,1030.0,1723.0
2024-02-25 07:52:47.703703,hn_03-09,1030.0,1723.0
2024-02-25 07:52:55.556556,hn_03-09,1030.0,1723.0
2024-02-25 07:53:03.398398,hn_03-09,1030.0,1723.0
2024-02-25 07:53:10.999900,hn_03-09,1030.0,1723.0
2024-02-25 07:53:18.598598,hn_03-09,1033.0,1775.0
2024-02-25 07:53:26.246246,hn_03-09,1030.0,1723.0
2024-02-25 07:53:34.092092,hn_03-09,1030.0,1723.0
2024-02-25 07:53:42.000000,hn_03-09,1030.0,1723.0
2024-02-25 07:53:49.588588,hn_03-09,1030.0,1723.0
2024-02-25 07:53:57.542542,hn_03-09,1030.0,1723.0
2024-02-25 07:54:05.479479,hn_03-09,1030.0,1723.0
2024-02-25 07:54:13.177177,hn_03-09,1030.0,1723.0
2024-02-25 07:54:20.946946,hn_03-09,1030.0,1723.0
2024-02-25 07:54:28.731731,hn_03-09,1030.0,1723.0
2024-02-25 07:54:36.306306,hn_03-09,1030.0,1723.0
2024-02-25 07:54:44.096096,hn_03-09,1030.0,1723.0
2024-02-25 07:54:51.868868,hn_03-09,1030.0,1723.0
2024-02-25 07:54:59.805805,hn_03-09,1030.0,1723.0
2024-02-25 07:55:07.575700,hn_03-09,1030.0,1723.0
2024-02-25 07:55:15.363600,hn_03-09,1030.0,1723.0
2024-02-25 07:55:23.252252,hn_03-09,1030.0,1723.0
2024-02-25 07:55:31.114114,hn_03-09,1030.0,1723.0
2024-02-25 07:55:39.037037,hn_03-09,1030.0,1723.0
2024-02-25 07:55:46.774774,hn_03-09,1030.0,1723.0
2024-02-25 07:55:54.352352,hn_03-09,1030.0,1723.0
2024-02-25 07:56:02.252252,hn_03-09,1030.0,1723.0
2024-02-25 07:56:10.123123,hn_03-09,1034.0,1780.0
2024-02-25 07:56:17.898898,hn_03-09,1030.0,1723.0
2024-02-25 07:56:25.749749,hn_03-09,1030.0,1723.0
2024-02-25 07:56:33.547547,hn_03-09,1030.0,1723.0
2024-02-25 07:56:41.152152,hn_03-09,1030.0,1723.0
2024-02-25 07:56:48.871871,hn_03-09,1030.0,1723.0
2024-02-25 07:56:56.642642,hn_03-09,1030.0,1723.0
2024-02-25 07:57:04.660000,hn_03-09,1030.0,1723.0
2024-02-25 07:57:12.388388,hn_03-09,1030.0,1723.0
2024-02-25 07:57:20.006006,hn_03-09,1030.0,1723.0
2024-02-25 07:57:27.653653,hn_03-09,1030.0,1723.0
2024-02-25 07:57:35.565600,hn_03-09,1030.0,1723.0
2024-02-25 07:57:43.531531,hn_03-09,1030.0,1723.0
2024-02-25 07:57:51.369369,hn_03-09,1030.0,1723.0
2024-02-25 07:57:58.982982,hn_03-09,1030.0,1723.0
2024-02-25 07:58:06.606606,hn_03-09,1030.0,1723.0
2024-02-25 07:58:14.198198,hn_03-09,1030.0,1723.0
2024-02-25 07:58:22.028028,hn_03-09,1030.0,1723.0
2024-02-25 07:58:30.473473,hn_03-09,1030.0,1723.0
2024-02-25 07:58:38.095095,hn_03-09,1030.0,1723.0
2024-02-25 07:58:46.058058,hn_03-09,1030.0,1723.0
2024-02-25 07:58:53.656500,hn_03-09,1030.0,1723.0
2024-02-25 07:59:01.283283,hn_03-09,1030.0,1723.0
2024-02-25 07:59:09.163163,hn_03-09,1030.0,1723.0
2024-02-25 07:59:16.808808,hn_03-09,1030.0,1723.0
2024-02-25 07:59:24.428428,hn_03-09,1030.0,1723.0
2024-02-25 07:59:32.069069,hn_03-09,1030.0,1723.0
2024-02-25 07:59:39.982982,hn_03-09,1030.0,1723.0
2024-02-25 07:59:47.767767,hn_03-09,1030.0,1723.0
2024-02-25 07:59:55.629629,hn_03-09,1030.0,1723.0
2024-02-25 08:00:03.234234,hn_03-09,1034.0,1779.0
2024-02-25 08:00:11.167167,hn_03-09,1030.0,1723.0
2024-02-25 08:00:18.999999,hn_03-09,1033.0,1780.5
2024-02-25 08:00:26.601601,hn_03-09,1030.0,1723.0
2024-02-25 08:00:34.557557,hn_03-09,1030.0,1723.0
2024-02-25 08:00:42.217217,hn_03-09,1030.0,1723.0
2024-02-25 08:00:49.827827,hn_03-09,1030.0,1723.0
2024-02-25 08:00:57.738738,hn_03-09,1030.0,1723.0
2024-02-25 08:01:05.427427,hn_03-09,1030.0,1723.0
2024-02-25 08:01:13.020200,hn_03-09,1030.0,1723.0
2024-02-25 08:01:20.739739,hn_03-09,1033.896,1778.39
2024-02-25 08:01:28.615615,hn_03-09,1030.0,1723.0
2024-02-25 08:01:37.072072,hn_03-09,1030.0,1723.0
2024-02-25 08:01:44.877877,hn_03-09,1030.0,1723.0
2024-02-25 08:01:52.687687,hn_03-09,1030.0,1723.0
2024-02-25 08:02:00.555555,hn_03-09,1030.0,1723.0
2024-02-25 08:02:08.395395,hn_03-09,1030.0,1723.0
2024-02-25 08:02:15.954954,hn_03-09,1030.0,1723.0
2024-02-25 08:02:23.546546,hn_03-09,1030.0,1723.0
2024-02-25 08:02:31.472472,hn_03-09,1030.0,1723.0
2024-02-25 08:02:39.055055,hn_03-09,1030.0,1723.0
2024-02-25 08:02:46.841841,hn_03-09,1030.0,1723.0
2024-02-25 08:02:54.404404,hn_03-09,1030.0,1723.0
2024-02-25 08:03:02.064064,hn_03-09,1030.0,1723.0
2024-02-25 08:03:09.611611,hn_03-09,1030.0,1723.0
2024-02-25 08:03:17.495495,hn_03-09,1030.0,1723.0
2024-02-25 08:03:25.056056,hn_03-09,1030.0,1723.0
2024-02-25 08:03:32.595595,hn_03-09,1030.0,1723.0
2024-02-25 08:03:40.178178,hn_03-09,1030.0,1723.0
2024-02-25 08:03:47.768768,hn_03-09,1030.0,1723.0
2024-02-25 08:03:55.331331,hn_03-09,1033.5,1779.5
2024-02-25 08:04:02.951951,hn_03-09,1030.0,1723.0
2024-02-25 08:04:10.545400,hn_03-09,1030.0,1723.0
2024-02-25 08:04:18.218218,hn_03-09,1030.0,1723.0
2024-02-25 08:04:25.787800,hn_03-09,1030.0,1723.0
2024-02-25 08:04:33.582582,hn_03-09,1033.0,1777.5
2024-02-25 08:04:41.224224,hn_03-09,1030.0,1723.0
2024-02-25 08:04:49.038038,hn_03-09,1030.0,1723.0
2024-02-25 08:04:57.011011,hn_03-09,1030.0,1723.0
2024-02-25 08:05:04.898898,hn_03-09,1033.5,1778.5
2024-02-25 08:05:13.927927,hn_03-09,1033.0,1779.5
2024-02-25 08:05:21.595595,hn_03-09,1030.0,1723.0
2024-02-25 08:05:29.435435,hn_03-09,1030.0,1723.0
2024-02-25 08:05:37.089089,hn_03-09,1030.0,1723.0
2024-02-25 08:05:44.736736,hn_03-09,1030.0,1723.0
2024-02-25 08:05:52.342342,hn_03-09,1030.0,1723.0
2024-02-25 08:05:59.918918,hn_03-09,1030.0,1723.0
2024-02-25 08:06:07.538538,hn_03-09,1030.0,1723.0
2024-02-25 08:06:15.186186,hn_03-09,1030.0,1723.0
2024-02-25 08:06:23.049049,hn_03-09,1030.0,1723.0
2024-02-25 08:06:30.876876,hn_03-09,1030.0,1723.0
2024-02-25 08:06:38.495495,hn_03-09,1030.0,1723.0
2024-02-25 08:06:46.091091,hn_03-09,1030.0,1723.0
2024-02-25 08:06:53.698698,hn_03-09,1030.0,1723.0
2024-02-25 08:07:01.506506,hn_03-09,1030.0,1723.0
2024-02-25 08:07:09.277277,hn_03-09,1030.0,1723.0
2024-02-25 08:07:16.899899,hn_03-09,1030.0,1723.0
2024-02-25 08:07:24.647647,hn_03-09,1030.0,1723.0
2024-02-25 08:07:32.499499,hn_03-09,1030.0,1723.0
2024-02-25 08:07:40.115115,hn_03-09,1030.0,1723.0
2024-02-25 08:07:47.814814,hn_03-09,1030.0,1723.0
2024-02-25 08:07:55.721721,hn_03-09,1030.0,1723.0
2024-02-25 08:08:03.484484,hn_03-09,1030.0,1723.0
2024-02-25 08:08:11.067067,hn_03-09,1030.0,1723.0
2024-02-25 08:08:18.612612,hn_03-09,1030.0,1723.0
2024-02-25 08:08:26.425425,hn_03-09,1030.0,1723.0
2024-02-25 08:08:34.011011,hn_03-09,1030.0,1723.0
2024-02-25 08:08:41.706706,hn_03-09,1030.0,1723.0
2024-02-25 08:08:49.330000,hn_03-09,1030.0,1723.0
2024-02-25 08:08:57.225225,hn_03-09,1030.0,1723.0
2024-02-25 08:09:05.134134,hn_03-09,1030.0,1723.0
2024-02-25 08:09:12.762762,hn_03-09,1030.0,1723.0
2024-02-25 08:09:20.318318,hn_03-09,1030.0,1723.0
2024-02-25 08:09:27.892892,hn_03-09,1030.0,1723.0
2024-02-25 08:09:35.458458,hn_03-09,1030.0,1723.0
2024-02-25 08:09:43.342342,hn_03-09,1030.0,1723.0
2024-02-25 08:09:51.129129,hn_03-09,1030.0,1723.0
2024-02-25 08:09:59.017017,hn_03-09,1030.0,1723.0
2024-02-25 08:10:06.656656,hn_03-09,1030.0,1723.0
2024-02-25 08:10:14.513513,hn_03-09,1030.0,1723.0
2024-02-25 08:10:22.073073,hn_03-09,1030.0,1723.0
2024-02-25 08:10:29.635635,hn_03-09,1030.0,1723.0
2024-02-25 08:10:37.381381,hn_03-09,1030.0,1723.0
2024-02-25 08:10:44.935935,hn_03-09,1030.0,1723.0
2024-02-25 08:10:52.497497,hn_03-09,1030.0,1723.0
2024-02-25 08:11:00.262262,hn_03-09,1030.0,1723.0
2024-02-25 08:11:07.862862,hn_03-09,1030.0,1723.0
2024-02-25 08:11:15.675675,hn_03-09,1030.0,1723.0
2024-02-25 08:11:24.069069,hn_03-09,1030.0,1723.0
2024-02-25 08:11:31.658658,hn_03-09,1030.0,1723.0
2024-02-25 08:11:39.547547,hn_03-09,1030.0,1723.0
2024-02-25 08:11:47.353500,hn_03-09,1030.0,1723.0
2024-02-25 08:11:55.092092,hn_03-09,1030.0,1723.0
2024-02-25 08:12:02.772772,hn_03-09,1030.0,1723.0
2024-02-25 08:12:10.385385,hn_03-09,1030.0,1723.0
2024-02-25 08:12:17.955955,hn_03-09,1030.0,1723.0
2024-02-25 08:12:25.509509,hn_03-09,1030.0,1723.0
2024-02-25 08:12:33.116116,hn_03-09,1030.0,1723.0
2024-02-25 08:12:40.967967,hn_03-09,1030.0,1723.0
2024-02-25 08:12:48.729729,hn_03-09,1030.0,1723.0
2024-02-25 08:12:56.526526,hn_03-09,1030.0,1723.0
2024-02-25 08:13:04.176176,hn_03-09,1030.0,1723.0
2024-02-25 08:13:12.068068,hn_03-09,1030.0,1723.0
2024-02-25 08:13:19.901901,hn_03-09,1030.0,1723.0
2024-02-25 08:13:27.474474,hn_03-09,1030.0,1723.0
2024-02-25 08:13:35.065065,hn_03-09,1030.0,1723.0
2024-02-25 08:13:42.622622,hn_03-09,1030.0,1723.0
2024-02-25 08:13:50.407407,hn_03-09,1030.0,1723.0
2024-02-25 08:13:58.216216,hn_03-09,1030.0,1723.0
2024-02-25 08:14:05.832832,hn_03-09,1030.0,1723.0
2024-02-25 08:14:13.429429,hn_03-09,1030.0,1723.0
2024-02-25 08:14:21.011011,hn_03-09,1030.0,1723.0
2024-02-25 08:14:28.626626,hn_03-09,1030.0,1723.0
2024-02-25 08:14:36.203203,hn_03-09,1030.0,1723.0
2024-02-25 08:14:43.764764,hn_03-09,1030.0,1723.0
2024-02-25 08:14:51.356356,hn_03-09,1030.0,1723.0
2024-02-25 08:14:59.282282,hn_03-09,1030.0,1723.0
2024-02-25 08:15:07.118118,hn_03-09,1030.0,1723.0
2024-02-25 08:15:15.038038,hn_03-09,1030.0,1723.0
2024-02-25 08:15:22.888888,hn_03-09,1030.0,1723.0
2024-02-25 08:15:30.616616,hn_03-09,1030.0,1723.0
2024-02-25 08:15:38.411411,hn_03-09,1030.0,1723.0
2024-02-25 08:15:46.148148,hn_03-09,1030.0,1723.0
2024-02-25 08:15:54.249249,hn_03-09,1033.0,1780.5
2024-02-25 08:16:02.134134,hn_03-09,1030.0,1723.0
2024-02-25 08:16:09.804804,hn_03-09,1030.0,1723.0
2024-02-25 08:16:17.437437,hn_03-09,1030.0,1723.0
2024-02-25 08:16:25.329329,hn_03-09,1030.0,1723.0
2024-02-25 08:16:32.933933,hn_03-09,1030.0,1723.0
2024-02-25 08:16:40.691691,hn_03-09,1030.0,1723.0
2024-02-25 08:16:48.618618,hn_03-09,1030.0,1723.0
2024-02-25 08:16:56.462462,hn_03-09,1030.0,1723.0
2024-02-25 08:17:04.030300,hn_03-09,1030.0,1723.0
2024-02-25 08:17:11.653653,hn_03-09,1030.0,1723.0
2024-02-25 08:17:19.268268,hn_03-09,1030.0,1723.0
2024-02-25 08:17:26.859859,hn_03-09,1030.0,1723.0
2024-02-25 08:17:34.621621,hn_03-09,1030.0,1723.0
2024-02-25 08:17:42.457457,hn_03-09,1030.0,1723.0
2024-02-25 08:17:50.030300,hn_03-09,1030.0,1723.0
2024-02-25 08:17:57.757500,hn_03-09,1030.0,1723.0
2024-02-25 08:18:05.348348,hn_03-09,1030.0,1723.0
2024-02-25 08:18:13.134134,hn_03-09,1030.0,1723.0
2024-02-25 08:18:21.022022,hn_03-09,1030.0,1723.0
2024-02-25 08:18:28.884884,hn_03-09,1030.0,1723.0
2024-02-25 08:18:36.746746,hn_03-09,1030.0,1723.0
2024-02-25 08:18:44.694694,hn_03-09,1030.0,1723.0
2024-02-25 08:18:52.465465,hn_03-09,1030.0,1723.0
2024-02-25 08:19:00.402402,hn_03-09,1030.0,1723.0
2024-02-25 08:19:08.036036,hn_03-09,1030.0,1723.0
2024-02-25 08:19:15.849849,hn_03-09,1030.0,1723.0
2024-02-25 08:19:23.706706,hn_03-09,1030.0,1723.0
2024-02-25 08:19:32.298298,hn_03-09,1030.0,1723.0
2024-02-25 08:19:40.142142,hn_03-09,1030.0,1723.0
2024-02-25 08:19:48.055055,hn_03-09,1033.0,1780.5
2024-02-25 08:19:55.957957,hn_03-09,1030.0,1723.0
2024-02-25 08:20:03.575575,hn_03-09,1030.0,1723.0
2024-02-25 08:20:11.239239,hn_03-09,1030.0,1723.0
2024-02-25 08:20:19.000000,hn_03-09,1030.0,1723.0
2024-02-25 08:20:26.917917,hn_03-09,1030.0,1723.0
2024-02-25 08:20:34.794794,hn_03-09,1030.0,1723.0
2024-02-25 08:20:42.428428,hn_03-09,1030.0,1723.0
2024-02-25 08:20:50.048048,hn_03-09,1030.0,1723.0
2024-02-25 08:20:57.657657,hn_03-09,1030.0,1723.0
2024-02-25 08:21:05.555555,hn_03-09,1030.0,1723.0
2024-02-25 08:21:13.151151,hn_03-09,1030.0,1723.0
2024-02-25 08:21:20.785785,hn_03-09,1030.0,1723.0
2024-02-25 08:21:28.481481,hn_03-09,1030.0,1723.0
2024-02-25 08:21:36.144144,hn_03-09,1030.0,1723.0
2024-02-25 08:21:43.774774,hn_03-09,1030.0,1723.0
2024-02-25 08:21:51.654654,hn_03-09,1030.0,1723.0
2024-02-25 08:21:59.272272,hn_03-09,1030.0,1723.0
2024-02-25 08:22:06.967967,hn_03-09,1030.0,1723.0
2024-02-25 08:22:14.546546,hn_03-09,1030.0,1723.0
2024-02-25 08:22:22.417417,hn_03-09,1030.0,1723.0
2024-02-25 08:22:30.012012,hn_03-09,1030.0,1723.0
2024-02-25 08:22:37.738738,hn_03-09,1030.0,1723.0
2024-02-25 08:22:45.518518,hn_03-09,1030.0,1723.0
2024-02-25 08:22:53.314314,hn_03-09,1030.0,1723.0
2024-02-25 08:23:00.941941,hn_03-09,1030.0,1723.0
2024-02-25 08:23:08.844844,hn_03-09,1030.0,1723.0
2024-02-25 08:23:16.701701,hn_03-09,1030.0,1723.0
2024-02-25 08:23:24.302302,hn_03-09,1030.0,1723.0
2024-02-25 08:23:31.918918,hn_03-09,1030.0,1723.0
2024-02-25 08:23:39.786786,hn_03-09,1030.0,1723.0
2024-02-25 08:23:47.737737,hn_03-09,1030.0,1723.0
2024-02-25 08:23:55.616616,hn_03-09,1030.0,1723.0
2024-02-25 08:24:03.161600,hn_03-09,1030.0,1723.0
2024-02-25 08:24:10.912912,hn_03-09,1030.0,1723.0
2024-02-25 08:24:18.484484,hn_03-09,1030.0,1723.0
2024-02-25 08:24:26.064064,hn_03-09,1030.0,1723.0
2024-02-25 08:24:33.628628,hn_03-09,1030.0,1723.0
2024-02-25 08:24:41.479479,hn_03-09,1030.0,1723.0
2024-02-25 08:24:49.834834,hn_03-09,1030.0,1723.0
2024-02-25 08:24:57.485485,hn_03-09,1030.0,1723.0
2024-02-25 08:25:05.353500,hn_03-09,1030.0,1723.0
2024-02-25 08:25:13.148148,hn_03-09,1030.0,1723.0
2024-02-25 08:25:20.933933,hn_03-09,1030.0,1723.0
2024-02-25 08:25:28.872872,hn_03-09,1030.0,1723.0
2024-02-25 08:25:36.550000,hn_03-09,1030.0,1723.0
2024-02-25 08:25:44.137137,hn_03-09,1030.0,1723.0
2024-02-25 08:25:51.971971,hn_03-09,1030.0,1723.0
2024-02-25 08:25:59.888888,hn_03-09,1030.0,1723.0
2024-02-25 08:26:07.803803,hn_03-09,1030.0,1723.0
2024-02-25 08:26:15.457457,hn_03-09,1030.0,1723.0
2024-02-25 08:26:23.137137,hn_03-09,1030.0,1723.0
2024-02-25 08:26:31.009009,hn_03-09,1030.0,1723.0
2024-02-25 08:26:38.651651,hn_03-09,1030.0,1723.0
2024-02-25 08:26:46.521521,hn_03-09,1030.0,1723.0
2024-02-25 08:26:54.353353,hn_03-09,1030.0,1723.0
2024-02-25 08:27:02.133133,hn_03-09,1030.0,1723.0
2024-02-25 08:27:09.956956,hn_03-09,1030.0,1723.0
2024-02-25 08:27:17.735735,hn_03-09,1030.0,1723.0
2024-02-25 08:27:25.505505,hn_03-09,1030.0,1723.0
2024-02-25 08:27:33.056056,hn_03-09,1030.0,1723.0
2024-02-25 08:27:40.990000,hn_03-09,1030.0,1723.0
2024-02-25 08:27:48.503503,hn_03-09,1030.0,1723.0
2024-02-25 08:27:56.278278,hn_03-09,1030.0,1723.0
2024-02-25 08:28:03.857857,hn_03-09,1030.0,1723.0
2024-02-25 08:28:11.436436,hn_03-09,1033.0,1778.0
2024-02-25 08:28:19.269269,hn_03-09,1030.0,1723.0
2024-02-25 08:28:26.843843,hn_03-09,1030.0,1723.0
2024-02-25 08:28:34.706706,hn_03-09,1030.0,1723.0
2024-02-25 08:28:42.251251,hn_03-09,1030.0,1723.0
2024-02-25 08:28:49.828200,hn_03-09,1030.0,1723.0
2024-02-25 08:28:57.655655,hn_03-09,1030.0,1723.0
2024-02-25 08:29:05.444400,hn_03-09,1030.0,1723.0
2024-02-25 08:29:13.027027,hn_03-09,1030.0,1723.0
2024-02-25 08:29:20.679679,hn_03-09,1030.0,1723.0
2024-02-25 08:29:28.746746,hn_03-09,1030.0,1723.0
2024-02-25 08:29:36.396396,hn_03-09,1030.0,1723.0
2024-02-25 08:29:44.377377,hn_03-09,1030.0,1723.0
2024-02-25 08:29:51.941941,hn_03-09,1030.0,1723.0
2024-02-25 08:29:59.821821,hn_03-09,1030.0,1723.0
2024-02-25 08:30:07.569569,hn_03-09,1033.0,1773.5
2024-02-25 08:30:15.171171,hn_03-09,1030.0,1723.0
2024-02-25 08:30:22.984984,hn_03-09,1030.0,1723.0
2024-02-25 08:30:30.579579,hn_03-09,1030.0,1723.0
2024-02-25 08:30:38.376376,hn_03-09,1030.0,1723.0
2024-02-25 08:30:45.989989,hn_03-09,1030.0,1723.0
2024-02-25 08:30:53.825825,hn_03-09,1030.0,1723.0
2024-02-25 08:31:01.439439,hn_03-09,1030.0,1723.0
2024-02-25 08:31:09.129129,hn_03-09,1030.0,1723.0
2024-02-25 08:31:16.977977,hn_03-09,1030.0,1723.0
2024-02-25 08:31:24.787787,hn_03-09,1030.0,1723.0
2024-02-25 08:31:33.068068,hn_03-09,1030.0,1723.0
2024-02-25 08:31:40.702702,hn_03-09,1030.0,1723.0
2024-02-25 08:31:48.563563,hn_03-09,1030.0,1723.0
2024-02-25 08:31:56.195195,hn_03-09,1030.0,1723.0
2024-02-25 08:32:04.081081,hn_03-09,1030.0,1723.0
2024-02-25 08:32:12.009009,hn_03-09,1030.0,1723.0
2024-02-25 08:32:19.854854,hn_03-09,1030.0,1723.0
2024-02-25 08:32:27.398398,hn_03-09,1030.0,1723.0
2024-02-25 08:32:34.984984,hn_03-09,1030.0,1723.0
2024-02-25 08:32:42.565565,hn_03-09,1030.0,1723.0
2024-02-25 08:32:50.263263,hn_03-09,1030.0,1723.0
2024-02-25 08:32:57.919100,hn_03-09,1030.0,1723.0
2024-02-25 08:33:05.494494,hn_03-09,1030.0,1723.0
2024-02-25 08:33:13.384384,hn_03-09,1030.0,1723.0
2024-02-25 08:33:21.244244,hn_03-09,1030.0,1723.0
2024-02-25 08:33:28.953953,hn_03-09,1030.0,1723.0
2024-02-25 08:33:36.864864,hn_03-09,1030.0,1723.0
2024-02-25 08:33:44.712712,hn_03-09,1030.0,1723.0
2024-02-25 08:33:52.252252,hn_03-09,1030.0,1723.0
2024-02-25 08:34:00.157157,hn_03-09,1030.0,1723.0
2024-02-25 08:34:07.733733,hn_03-09,1030.0,1723.0
2024-02-25 08:34:15.575700,hn_03-09,1030.0,1723.0
2024-02-25 08:34:23.185185,hn_03-09,1030.0,1723.0
2024-02-25 08:34:30.949400,hn_03-09,1030.0,1723.0
2024-02-25 08:34:38.521521,hn_03-09,1030.0,1723.0
2024-02-25 08:34:46.494900,hn_03-09,1030.0,1723.0
2024-02-25 08:34:54.098098,hn_03-09,1030.0,1723.0
2024-02-25 08:35:01.989989,hn_03-09,1030.0,1723.0
2024-02-25 08:35:09.548548,hn_03-09,1030.0,1723.0
2024-02-25 08:35:17.158158,hn_03-09,1030.0,1723.0
2024-02-25 08:35:24.866866,hn_03-09,1030.0,1723.0
2024-02-25 08:35:32.515100,hn_03-09,1030.0,1723.0
2024-02-25 08:35:40.324324,hn_03-09,1030.0,1723.0
2024-02-25 08:35:47.959500,hn_03-09,1030.0,1723.0
2024-02-25 08:35:55.512512,hn_03-09,1030.0,1723.0
2024-02-25 08:36:03.091091,hn_03-09,1030.0,1723.0
2024-02-25 08:36:10.762762,hn_03-09,1030.0,1723.0
2024-02-25 08:36:18.581581,hn_03-09,1030.0,1723.0
2024-02-25 08:36:26.196196,hn_03-09,1030.0,1723.0
2024-02-25 08:36:34.007007,hn_03-09,1030.0,1723.0
2024-02-25 08:36:41.763763,hn_03-09,1030.0,1723.0
2024-02-25 08:36:49.363363,hn_03-09,1030.0,1723.0
2024-02-25 08:36:56.916916,hn_03-09,1030.0,1723.0
2024-02-25 08:37:04.484800,hn_03-09,1030.0,1723.0
2024-02-25 08:37:12.334334,hn_03-09,1030.0,1723.0
2024-02-25 08:37:19.957957,hn_03-09,1030.0,1723.0
2024-02-25 08:37:27.518518,hn_03-09,1030.0,1723.0
2024-02-25 08:37:35.228228,hn_03-09,1030.0,1723.0
2024-02-25 08:37:42.924924,hn_03-09,1030.0,1723.0
2024-02-25 08:37:51.032032,hn_03-09,1030.0,1723.0
2024-02-25 08:37:59.898900,hn_03-09,1030.0,1723.0
2024-02-25 08:38:07.537537,hn_03-09,1030.0,1723.0
2024-02-25 08:38:15.087087,hn_03-09,1030.0,1723.0
2024-02-25 08:38:22.882882,hn_03-09,1030.0,1723.0
2024-02-25 08:38:30.616616,hn_03-09,1030.0,1723.0
2024-02-25 08:38:38.427427,hn_03-09,1030.0,1723.0
2024-02-25 08:38:46.237237,hn_03-09,1030.0,1723.0
2024-02-25 08:38:53.772772,hn_03-09,1030.0,1723.0
2024-02-25 08:39:01.535300,hn_03-09,1030.0,1723.0
2024-02-25 08:39:09.218218,hn_03-09,1030.0,1723.0
2024-02-25 08:39:16.748748,hn_03-09,1030.0,1723.0
2024-02-25 08:39:24.441441,hn_03-09,1030.0,1723.0
2024-02-25 08:39:32.161600,hn_03-09,1030.0,1723.0
2024-02-25 08:39:40.016016,hn_03-09,1030.0,1723.0
2024-02-25 08:39:47.573573,hn_03-09,1030.0,1723.0
2024-02-25 08:39:55.412412,hn_03-09,1030.0,1723.0
2024-02-25 08:40:03.218218,hn_03-09,1030.0,1723.0
2024-02-25 08:40:10.751751,hn_03-09,1030.0,1723.0
2024-02-25 08:40:18.284284,hn_03-09,1030.0,1723.0
2024-02-25 08:40:26.032032,hn_03-09,1030.0,1723.0
2024-02-25 08:40:33.604604,hn_03-09,1030.0,1723.0
2024-02-25 08:40:41.151500,hn_03-09,1030.0,1723.0
2024-02-25 08:40:48.913913,hn_03-09,1030.0,1723.0
2024-02-25 08:40:56.439439,hn_03-09,1030.0,1723.0
2024-02-25 08:41:04.008008,hn_03-09,1030.0,1723.0
2024-02-25 08:41:11.844844,hn_03-09,1030.0,1723.0
2024-02-25 08:41:19.701701,hn_03-09,1030.0,1723.0
2024-02-25 08:41:27.484484,hn_03-09,1030.0,1723.0
2024-02-25 08:41:35.292900,hn_03-09,1030.0,1723.0
2024-02-25 08:41:43.322322,hn_03-09,1030.0,1723.0
2024-02-25 08:41:51.535535,hn_03-09,1030.0,1723.0
2024-02-25 08:41:59.354354,hn_03-09,1030.0,1723.0
2024-02-25 08:42:07.146146,hn_03-09,1030.0,1723.0
2024-02-25 08:42:14.705705,hn_03-09,1030.0,1723.0
2024-02-25 08:42:22.238238,hn_03-09,1030.0,1723.0
2024-02-25 08:42:29.777700,hn_03-09,1030.0,1723.0
2024-02-25 08:42:37.299299,hn_03-09,1030.0,1723.0
2024-02-25 08:42:45.189189,hn_03-09,1030.0,1723.0
2024-02-25 08:42:53.035035,hn_03-09,1030.0,1723.0
2024-02-25 08:43:00.591591,hn_03-09,1030.0,1723.0
2024-02-25 08:43:08.175175,hn_03-09,1030.0,1723.0
2024-02-25 08:43:15.878878,hn_03-09,1030.0,1723.0
2024-02-25 08:43:23.407407,hn_03-09,1030.0,1723.0
2024-02-25 08:43:31.142142,hn_03-09,1030.0,1723.0
2024-02-25 08:43:38.996996,hn_03-09,1030.0,1723.0
2024-02-25 08:43:46.538538,hn_03-09,1030.0,1723.0
2024-02-25 08:43:54.045045,hn_03-09,1030.0,1723.0
2024-02-25 08:44:01.593593,hn_03-09,1030.0,1723.0
2024-02-25 08:44:09.425425,hn_03-09,1030.0,1723.0
2024-02-25 08:44:16.951951,hn_03-09,1030.0,1723.0
2024-02-25 08:44:24.783783,hn_03-09,1030.0,1723.0
2024-02-25 08:44:32.353500,hn_03-09,1030.0,1723.0
2024-02-25 08:44:40.621621,hn_03-09,1030.0,1723.0
2024-02-25 08:44:48.459459,hn_03-09,1030.0,1723.0
2024-02-25 08:44:56.393393,hn_03-09,1030.0,1723.0
2024-02-25 08:45:04.268268,hn_03-09,1030.0,1723.0
2024-02-25 08:45:11.858500,hn_03-09,1030.0,1723.0
2024-02-25 08:45:19.445445,hn_03-09,1030.0,1723.0
2024-02-25 08:45:27.025025,hn_03-09,1030.0,1723.0
2024-02-25 08:45:34.922922,hn_03-09,1030.0,1723.0
2024-02-25 08:45:42.467467,hn_03-09,1030.0,1723.0
2024-02-25 08:45:50.077077,hn_03-09,1030.0,1723.0
2024-02-25 08:45:57.694694,hn_03-09,1030.0,1723.0
2024-02-25 08:46:05.285285,hn_03-09,1030.0,1723.0
2024-02-25 08:46:12.847847,hn_03-09,1030.0,1723.0
2024-02-25 08:46:20.744744,hn_03-09,1030.0,1723.0
2024-02-25 08:46:28.582582,hn_03-09,1030.0,1723.0
2024-02-25 08:46:36.132132,hn_03-09,1030.0,1723.0
2024-02-25 08:46:43.984984,hn_03-09,1030.0,1723.0
2024-02-25 08:46:51.554554,hn_03-09,1030.0,1723.0
2024-02-25 08:46:59.106106,hn_03-09,1030.0,1723.0
2024-02-25 08:47:06.936936,hn_03-09,1030.0,1723.0
2024-02-25 08:47:14.838300,hn_03-09,1030.0,1723.0
2024-02-25 08:47:22.712712,hn_03-09,1030.0,1723.0
2024-02-25 08:47:30.469469,hn_03-09,1030.0,1723.0
2024-02-25 08:47:38.294294,hn_03-09,1030.0,1723.0
2024-02-25 08:47:46.026026,hn_03-09,1030.0,1723.0
2024-02-25 08:47:53.814814,hn_03-09,1030.0,1723.0
2024-02-25 08:48:01.355355,hn_03-09,1030.0,1723.0
2024-02-25 08:48:08.907907,hn_03-09,1030.0,1723.0
2024-02-25 08:48:16.779779,hn_03-09,1030.0,1723.0
2024-02-25 08:48:24.437437,hn_03-09,1030.0,1723.0
2024-02-25 08:48:32.197197,hn_03-09,1030.0,1723.0
2024-02-25 08:48:40.034034,hn_03-09,1030.0,1723.0
2024-02-25 08:48:47.861861,hn_03-09,1030.0,1723.0
2024-02-25 08:48:55.594594,hn_03-09,1030.0,1723.0
2024-02-25 08:49:03.416416,hn_03-09,1030.0,1723.0
2024-02-25 08:49:11.259259,hn_03-09,1030.0,1723.0
2024-02-25 08:49:18.818100,hn_03-09,1030.0,1723.0
2024-02-25 08:49:26.616616,hn_03-09,1030.0,1723.0
2024-02-25 08:49:34.151500,hn_03-09,1030.0,1723.0
2024-02-25 08:49:41.888888,hn_03-09,1030.0,1723.0
2024-02-25 08:49:49.422422,hn_03-09,1030.0,1723.0
2024-02-25 08:49:57.142142,hn_03-09,1030.0,1723.0
2024-02-25 08:50:04.659659,hn_03-09,1030.0,1723.0
2024-02-25 08:50:12.213213,hn_03-09,1030.0,1723.0
2024-02-25 08:50:19.989989,hn_03-09,1030.0,1723.0
2024-02-25 08:50:27.592592,hn_03-09,1030.0,1723.0
2024-02-25 08:50:35.377377,hn_03-09,1030.0,1723.0
2024-02-25 08:50:42.937937,hn_03-09,1030.0,1723.0
2024-02-25 08:50:50.707707,hn_03-09,1030.0,1723.0
2024-02-25 08:50:58.242400,hn_03-09,1030.0,1723.0
2024-02-25 08:51:06.025025,hn_03-09,1033.0,1777.5
2024-02-25 08:51:13.553553,hn_03-09,1030.0,1723.0
2024-02-25 08:51:21.301301,hn_03-09,1030.0,1723.0
2024-02-25 08:51:29.087087,hn_03-09,1030.0,1723.0
2024-02-25 08:51:37.179179,hn_03-09,1030.0,1723.0
2024-02-25 08:51:45.162162,hn_03-09,1030.0,1723.0
2024-02-25 08:51:53.013013,hn_03-09,1030.0,1723.0
2024-02-25 08:52:00.593593,hn_03-09,1030.0,1723.0
2024-02-25 08:52:08.441441,hn_03-09,1030.0,1723.0
2024-02-25 08:52:16.271271,hn_03-09,1030.0,1723.0
2024-02-25 08:52:24.231231,hn_03-09,1030.0,1723.0
2024-02-25 08:52:32.018018,hn_03-09,1030.0,1723.0
2024-02-25 08:52:39.832832,hn_03-09,1030.0,1723.0
2024-02-25 08:52:48.833833,hn_03-09,1030.0,1723.0
2024-02-25 08:52:56.373700,hn_03-09,1030.0,1723.0
2024-02-25 08:53:04.181800,hn_03-09,1030.0,1723.0
2024-02-25 08:53:11.805805,hn_03-09,1030.0,1723.0
2024-02-25 08:53:19.466466,hn_03-09,1030.0,1723.0
2024-02-25 08:53:27.341341,hn_03-09,1030.0,1723.0
2024-02-25 08:53:35.215215,hn_03-09,1030.0,1723.0
2024-02-25 08:53:42.791791,hn_03-09,1030.0,1723.0
2024-02-25 08:53:50.342342,hn_03-09,1030.0,1723.0
2024-02-25 08:53:58.139139,hn_03-09,1030.0,1723.0
2024-02-25 08:54:06.056056,hn_03-09,1030.0,1723.0
2024-02-25 08:54:13.781781,hn_03-09,1030.0,1723.0
2024-02-25 08:54:21.514514,hn_03-09,1033.0,1779.5
2024-02-25 08:54:29.257257,hn_03-09,1030.0,1723.0
2024-02-25 08:54:36.816816,hn_03-09,1030.0,1723.0
2024-02-25 08:54:44.585585,hn_03-09,1030.0,1723.0
2024-02-25 08:54:52.393900,hn_03-09,1030.0,1723.0
2024-02-25 08:55:00.155155,hn_03-09,1030.0,1723.0
2024-02-25 08:55:07.704704,hn_03-09,1030.0,1723.0
2024-02-25 08:55:15.278278,hn_03-09,1030.0,1723.0
2024-02-25 08:55:23.136136,hn_03-09,1030.0,1723.0
2024-02-25 08:55:30.922922,hn_03-09,1030.0,1723.0
2024-02-25 08:55:38.679679,hn_03-09,1030.0,1723.0
2024-02-25 08:55:46.451451,hn_03-09,1030.0,1723.0
2024-02-25 08:55:54.365365,hn_03-09,1030.0,1723.0
2024-02-25 08:56:01.958958,hn_03-09,1030.0,1723.0
2024-02-25 08:56:09.754754,hn_03-09,1030.0,1723.0
2024-02-25 08:56:17.308308,hn_03-09,1030.0,1723.0
2024-02-25 08:56:25.179179,hn_03-09,1030.0,1723.0
2024-02-25 08:56:33.069069,hn_03-09,1030.0,1723.0
2024-02-25 08:56:40.822822,hn_03-09,1030.0,1723.0
2024-02-25 08:56:48.671671,hn_03-09,1030.0,1723.0
2024-02-25 08:56:56.542542,hn_03-09,1030.0,1723.0
2024-02-25 08:57:04.179179,hn_03-09,1030.0,1723.0
2024-02-25 08:57:12.039039,hn_03-09,1030.0,1723.0
2024-02-25 08:57:19.996996,hn_03-09,1030.0,1723.0
2024-02-25 08:57:27.942942,hn_03-09,1030.0,1723.0
2024-02-25 08:57:35.859859,hn_03-09,1030.0,1723.0
2024-02-25 08:57:43.445445,hn_03-09,1030.0,1723.0
2024-02-25 08:57:51.151500,hn_03-09,1030.0,1723.0
2024-02-25 08:57:59.055055,hn_03-09,1030.0,1723.0
2024-02-25 08:58:06.918918,hn_03-09,1030.0,1723.0
2024-02-25 08:58:14.813813,hn_03-09,1030.0,1723.0
2024-02-25 08:58:22.727200,hn_03-09,1030.0,1723.0
2024-02-25 08:58:31.164164,hn_03-09,1030.0,1723.0
2024-02-25 08:58:39.127127,hn_03-09,1030.0,1723.0
2024-02-25 08:58:46.913913,hn_03-09,1030.0,1723.0
2024-02-25 08:58:54.682682,hn_03-09,1030.0,1723.0
2024-02-25 08:59:02.227227,hn_03-09,1030.0,1723.0
2024-02-25 08:59:09.999999,hn_03-09,1030.0,1723.0
2024-02-25 08:59:17.576576,hn_03-09,1030.0,1723.0
2024-02-25 08:59:25.414414,hn_03-09,1030.0,1723.0
2024-02-25 08:59:33.237237,hn_03-09,1030.0,1723.0
2024-02-25 08:59:40.816816,hn_03-09,1030.0,1723.0
2024-02-25 08:59:48.568568,hn_03-09,1030.0,1723.0
2024-02-25 08:59:56.392392,hn_03-09,1030.0,1723.0
2024-02-25 09:00:04.168168,hn_03-09,1030.0,1723.0
2024-02-25 09:00:12.099099,hn_03-09,1030.0,1723.0
2024-02-25 09:00:19.902902,hn_03-09,1030.0,1723.0
2024-02-25 09:00:27.638638,hn_03-09,1030.0,1723.0
2024-02-25 09:00:35.224224,hn_03-09,1030.0,1723.0
2024-02-25 09:00:42.816816,hn_03-09,1030.0,1723.0
2024-02-25 09:00:50.465465,hn_03-09,1030.0,1723.0
2024-02-25 09:00:58.268268,hn_03-09,1030.0,1723.0
2024-02-25 09:01:06.144144,hn_03-09,1030.0,1723.0
2024-02-25 09:01:14.052052,hn_03-09,1030.0,1723.0
2024-02-25 09:01:21.959959,hn_03-09,1030.0,1723.0
2024-02-25 09:01:29.829829,hn_03-09,1030.0,1723.0
2024-02-25 09:01:37.444400,hn_03-09,1030.0,1723.0
2024-02-25 09:01:45.294294,hn_03-09,1030.0,1723.0
2024-02-25 09:01:52.851851,hn_03-09,1030.0,1723.0
2024-02-25 09:02:00.767600,hn_03-09,1030.0,1723.0
2024-02-25 09:02:08.319319,hn_03-09,1030.0,1723.0
2024-02-25 09:02:15.905905,hn_03-09,1033.0,1777.5
2024-02-25 09:02:23.735735,hn_03-09,1030.0,1723.0
2024-02-25 09:02:31.502502,hn_03-09,1030.0,1723.0
2024-02-25 09:02:39.116116,hn_03-09,1030.0,1723.0
2024-02-25 09:02:46.957957,hn_03-09,1030.0,1723.0
2024-02-25 09:02:54.815815,hn_03-09,1030.0,1723.0
2024-02-25 09:03:02.638638,hn_03-09,1030.0,1723.0
2024-02-25 09:03:10.416416,hn_03-09,1030.0,1723.0
2024-02-25 09:03:18.167167,hn_03-09,1030.0,1723.0
2024-02-25 09:03:25.966966,hn_03-09,1030.0,1723.0
2024-02-25 09:03:33.576576,hn_03-09,1030.0,1723.0
2024-02-25 09:03:41.225225,hn_03-09,1030.0,1723.0
2024-02-25 09:03:48.875875,hn_03-09,1030.0,1723.0
2024-02-25 09:03:56.735735,hn_03-09,1030.0,1723.0
2024-02-25 09:04:04.651651,hn_03-09,1030.0,1723.0
2024-02-25 09:04:12.311311,hn_03-09,1030.0,1723.0
2024-02-25 09:04:20.070700,hn_03-09,1030.0,1723.0
2024-02-25 09:04:27.819819,hn_03-09,1030.0,1723.0
2024-02-25 09:04:35.378378,hn_03-09,1030.0,1723.0
2024-02-25 09:04:43.001001,hn_03-09,1030.0,1723.0
2024-02-25 09:04:50.887887,hn_03-09,1030.0,1723.0
2024-02-25 09:04:59.316316,hn_03-09,1030.0,1723.0
2024-02-25 09:05:06.845845,hn_03-09,1030.0,1723.0
2024-02-25 09:05:14.424200,hn_03-09,1030.0,1723.0
2024-02-25 09:05:22.025025,hn_03-09,1030.0,1723.0
2024-02-25 09:05:29.904904,hn_03-09,1030.0,1723.0
2024-02-25 09:05:37.775775,hn_03-09,1030.0,1723.0
2024-02-25 09:05:45.545545,hn_03-09,1030.0,1723.0
2024-02-25 09:05:53.080800,hn_03-09,1030.0,1723.0
2024-02-25 09:06:01.454500,hn_03-09,1030.0,1723.0
2024-02-25 09:06:09.265265,hn_03-09,1030.0,1723.0
2024-02-25 09:06:17.032032,hn_03-09,1030.0,1723.0
2024-02-25 09:06:24.959959,hn_03-09,1030.0,1723.0
2024-02-25 09:06:32.877877,hn_03-09,1030.0,1723.0
2024-02-25 09:06:40.666600,hn_03-09,1030.0,1723.0
2024-02-25 09:06:48.313100,hn_03-09,1030.0,1723.0
2024-02-25 09:06:55.945945,hn_03-09,1030.0,1723.0
2024-02-25 09:07:03.685685,hn_03-09,1030.0,1723.0
2024-02-25 09:07:11.587587,hn_03-09,1030.0,1723.0
2024-02-25 09:07:19.506506,hn_03-09,1030.0,1723.0
2024-02-25 09:07:27.309309,hn_03-09,1030.0,1723.0
2024-02-25 09:07:35.090900,hn_03-09,1030.0,1723.0
2024-02-25 09:07:43.028028,hn_03-09,1030.0,1723.0
2024-02-25 09:07:50.675675,hn_03-09,1030.0,1723.0
2024-02-25 09:07:58.253253,hn_03-09,1030.0,1723.0
2024-02-25 09:08:06.203203,hn_03-09,1030.0,1723.0
2024-02-25 09:08:13.981981,hn_03-09,1030.0,1723.0
2024-02-25 09:08:21.878878,hn_03-09,1030.0,1723.0
2024-02-25 09:08:29.474700,hn_03-09,1030.0,1723.0
2024-02-25 09:08:37.242400,hn_03-09,1030.0,1723.0
2024-02-25 09:08:44.768768,hn_03-09,1030.0,1723.0
2024-02-25 09:08:52.536536,hn_03-09,1030.0,1723.0
2024-02-25 09:09:00.128128,hn_03-09,1030.0,1723.0
2024-02-25 09:09:07.990000,hn_03-09,1030.0,1723.0
2024-02-25 09:09:15.458458,hn_03-09,1030.0,1723.0
2024-02-25 09:09:23.315315,hn_03-09,1030.0,1723.0
2024-02-25 09:09:30.917917,hn_03-09,1030.0,1723.0
2024-02-25 09:09:38.697697,hn_03-09,1033.5,1780.5
2024-02-25 09:09:46.623623,hn_03-09,1030.0,1723.0
2024-02-25 09:09:54.473473,hn_03-09,1030.0,1723.0
2024-02-25 09:10:02.464464,hn_03-09,1030.0,1723.0
2024-02-25 09:10:10.301301,hn_03-09,1030.0,1723.0
2024-02-25 09:10:18.153153,hn_03-09,1030.0,1723.0
2024-02-25 09:10:25.988988,hn_03-09,1030.0,1723.0
2024-02-25 09:10:33.848400,hn_03-09,1030.0,1723.0
2024-02-25 09:10:41.438438,hn_03-09,1030.0,1723.0
2024-02-25 09:10:49.155155,hn_03-09,1030.0,1723.0
2024-02-25 09:10:57.009009,hn_03-09,1030.0,1723.0
2024-02-25 09:11:04.986986,hn_03-09,1030.0,1723.0
2024-02-25 09:11:12.633633,hn_03-09,1030.0,1723.0
2024-02-25 09:11:20.484484,hn_03-09,1030.0,1723.0
2024-02-25 09:11:28.265265,hn_03-09,1030.0,1723.0
2024-02-25 09:11:35.952952,hn_03-09,1030.0,1723.0
2024-02-25 09:11:43.555555,hn_03-09,1030.0,1723.0
2024-02-25 09:11:51.881881,hn_03-09,1030.0,1723.0
2024-02-25 09:11:59.531531,hn_03-09,1030.0,1723.0
2024-02-25 09:12:07.484800,hn_03-09,1030.0,1723.0
